   1.4372538e+03   1.5138751e+03
   5.8358307e+02   2.3515475e+02
   5.4714001e+02   2.5028802e+02
   4.5624527e+02   2.7769263e+02
   1.2760187e+03   9.7068475e+02
   1.5143234e+03   1.2225969e+03
   1.2310555e+03   1.5908043e+03
   1.0914399e+03   3.1350018e+02
   4.3161670e+02   1.0424127e+03
   3.0109024e+02   9.5646216e+02
   9.8737555e+02   2.9406683e+02
   4.9845459e+02   8.9567834e+02
   1.4190463e+03   2.2693529e+02
   5.1175858e+02   1.0623634e+03
   3.3894098e+02   4.1934769e+02
   1.0248844e+03   1.2743649e+02
   3.1192099e+02   1.9290257e+02
   1.3497485e+03   1.2272205e+03
   2.7490036e+02   2.0645071e+02
   3.8860571e+02   8.9693201e+02
   1.3324756e+03   1.2284089e+03
   4.2125467e+02   7.7826154e+02
   2.8726031e+02   9.5533289e+02
   1.7484213e+02   2.7251666e+02
   1.2911073e+03   1.5949297e+03
   4.0145251e+02   1.5806561e+03
   3.4789059e+02   2.2119241e+02
   1.1480813e+03   1.5442908e+03
   1.4760001e+03   1.0091290e+03
   4.6162515e+02   6.9675122e+02
   1.0301729e+03   1.5675397e+02
   1.0920839e+03   1.5907573e+03
   1.2715453e+03   3.5451459e+02
   1.1188268e+03   1.0805815e+03
   1.3488433e+03   1.2278962e+03
   5.2129407e+02   7.4329224e+02
   9.7712201e+02   1.3901820e+02
   1.2295514e+03   1.6168607e+03
   3.0167233e+02   3.9298297e+02
   1.0180847e+03   1.1393440e+02
   1.2589667e+03   1.5367114e+03
   1.0843605e+03   1.5925756e+03
   6.7725879e+02   2.3877921e+02
   4.0952893e+02   9.0882709e+02
   1.0782952e+03   1.5934475e+03
   1.1738669e+03   1.5713435e+03
   1.6474261e+02   9.5214679e+02
   1.1173612e+03   1.3734552e+02
   1.0132678e+03   9.7221916e+01
   1.0390188e+03   2.1192570e+02
   1.2837842e+03   1.0596351e+03
   3.2728674e+02   1.4551266e+03
   3.3760455e+02   1.4668796e+03
   1.4952034e+03   4.1178174e+02
   4.3427084e+02   1.6070464e+03
   1.2852367e+03   1.5703005e+03
   3.8357080e+02   1.2740553e+03
   1.1634771e+03   1.6447981e+02
   1.4036543e+03   1.1646733e+03
   3.6891034e+02   9.1800122e+02
   3.1028912e+02   1.6373838e+03
   1.4848662e+03   3.1538846e+02
   6.2467126e+02   1.3419612e+02
   1.3954524e+03   1.1611388e+02
   1.3762554e+03   3.7460153e+02
   1.1734880e+03   1.6133472e+03
   7.7410760e+02   4.0692355e+02
   1.4552051e+03   5.7533539e+02
   1.5075869e+03   1.5431228e+03
   1.1232415e+03   1.6148933e+03
   2.9694458e+02   1.6537507e+03
   1.4463771e+03   9.9214832e+02
   4.3506369e+02   1.6102754e+03
   1.2910037e+03   1.6202046e+03
   3.7022247e+02   9.2897070e+02
   1.2171445e+03   9.7893695e+02
   6.5606696e+02   6.1181384e+02
   4.3370175e+02   1.6555510e+03
   1.0907892e+03   1.6629436e+03
   1.3229211e+03   1.5475013e+03
   1.0945104e+03   9.3449298e+02
   2.7304074e+02   1.2230858e+03
   1.3792777e+03   5.4096973e+02
   1.0696510e+03   1.6283458e+03
   3.5469406e+02   3.4279376e+02
   1.0390515e+03   2.1916437e+02
   1.2672258e+03   9.7761371e+02
   4.6160718e+02   2.6072375e+02
   5.3464868e+02   1.2319022e+03
   1.3069655e+03   1.9468623e+02
   4.0924127e+02   9.1684656e+02
   5.3599719e+02   6.7267615e+02
   1.9164058e+02   3.8063538e+02
   1.4487167e+03   5.3857597e+01
   3.4446060e+02   1.3467754e+03
   5.7361725e+02   9.9735925e+02
   6.8865552e+02   3.4069949e+02
   3.0506662e+02   4.0094556e+02
   3.1891211e+02   1.4870276e+03
   1.1224806e+03   1.5777430e+03
   1.3293140e+03   5.0991364e+02
   4.6091183e+02   2.4202272e+02
   1.2906040e+03   1.6168597e+03
   3.6075085e+02   1.2716893e+03
   6.8362238e+02   2.4965240e+02
   5.7475018e+02   5.0305179e+02
   1.4505686e+03   6.1857574e+01
   6.8612769e+02   1.9194469e+02
   1.1158064e+02   4.0038235e+02
   7.6795612e+02   5.0075607e+02
   1.4470785e+03   9.0404503e+01
   2.5551237e+02   7.3238489e+02
   1.2296508e+03   2.3851685e+02
   3.0673590e+02   4.0257687e+02
   1.5320485e+02   4.8119534e+02
   5.6649353e+02   4.4955289e+02
   5.9780853e+02   4.8669583e+02
   1.1125219e+03   1.2235493e+02
   6.1238574e+02   6.4346375e+02
   1.1621708e+03   1.9647356e+02
   1.1007311e+03   1.6618857e+03
   1.2672460e+03   1.5312871e+02
   8.3609644e+02   3.9971991e+02
   1.0214500e+03   1.6892096e+02
   3.9547635e+02   9.8760327e+02
   6.3021851e+02   1.6318290e+03
   9.5759850e+01   1.5002748e+03
   5.1995093e+02   6.1600500e+02
   1.0367391e+03   1.1377551e+02
   1.0469004e+03   5.6655499e+02
   3.0798630e+02   1.6653805e+03
   5.2902258e+02   9.0281531e+02
   1.3753613e+02   1.7542480e+03
   1.4329733e+03   1.1806380e+02
   1.2017690e+03   1.4171941e+02
   4.5114963e+02   2.1428470e+02
   1.1849053e+03   4.0973697e+02
   4.2309262e+02   7.3481854e+02
   1.3228264e+03   3.4892065e+02
   1.4284983e+03   1.8585365e+02
   1.5344418e+02   5.4716650e+02
   3.3937085e+02   1.0334058e+03
   1.1086986e+03   5.4308990e+02
   1.1622231e+03   4.9996124e+02
   1.0938796e+03   4.8749088e+02
   1.3882202e+03   3.4962064e+02
   4.2522052e+02   1.6037927e+03
   1.1142061e+03   1.6534517e+03
   1.1797201e+03   2.5977145e+02
   1.3192939e+03   1.9885271e+02
   1.5091023e+03   8.2229443e+02
   9.2285774e+01   1.6445168e+03
   1.4981563e+03   5.5264325e+02
   1.2780779e+03   1.6049550e+03
   2.9945190e+02   1.4772665e+03
   9.2220422e+02   1.8333169e+03
   3.3423810e+02   1.3333934e+03
   1.2482878e+03   2.2200511e+02
   9.8855603e+02   3.1307141e+02
   1.1980430e+03   9.8025134e+02
   2.7958389e+02   1.6598359e+03
   5.9624706e+01   1.4786726e+03
   9.8849054e+02   1.6177175e+03
   1.5048713e+03   3.0312988e+02
   6.3945990e+02   1.4542910e+03
   5.2219580e+02   9.9636707e+02
   1.5094703e+03   8.2742358e+02
   8.8945874e+02   3.5237445e+02
   8.2323065e+02   1.5367509e+03
   5.2166332e+01   1.6804763e+03
   1.1664895e+03   1.3085623e+02
   1.0074382e+03   8.4103188e+01
   1.4248625e+03   1.3475590e+03
   3.0827496e+02   1.6113165e+03
   1.5112944e+02   4.6686987e+02
   4.8007526e+02   1.0347748e+03
   1.0131890e+03   2.6835733e+02
   6.2769995e+02   1.4477817e+02
   1.4194063e+03   1.6179237e+03
   7.2320422e+02   6.9083649e+02
   6.0500427e+02   5.3730719e+02
   1.3205017e+03   2.0213483e+02
   8.9851300e+02   1.3657006e+03
   9.8956055e+02   2.2766599e+02
   1.1742445e+03   5.2405823e+02
   1.1549216e+03   2.2491388e+02
   1.1287032e+03   1.5299258e+02
   1.3051364e+03   1.8311151e+02
   3.0916669e+02   1.6687904e+03
   1.4404496e+03   1.8317300e+02
   6.4104797e+02   7.5483801e+02
   5.3297668e+02   3.6405017e+02
   3.7320441e+02   9.8678888e+02
   6.2229944e+02   5.9969659e+02
   1.2272896e+03   1.0332173e+03
   1.4226628e+03   6.7297412e+02
   1.1622563e+03   2.4232106e+02
   4.0418997e+02   4.4981665e+02
   1.1346294e+03   1.6659736e+03
   1.4624817e+03   3.5512994e+02
   3.8287720e+02   8.5284491e+02
   1.0689469e+03   1.0797733e+03
   2.0728458e+02   1.7499133e+03
   1.4316759e+03   5.2821753e+02
   1.3353135e+03   1.5995220e+03
   9.7753442e+02   1.4471484e+03
   1.4396108e+03   9.9908356e+02
   2.0914468e+02   1.7482277e+03
   3.8830484e+02   1.2663267e+03
   7.2336139e+02   1.1099603e+03
   1.4858961e+03   2.2242642e+02
   5.8781396e+02   8.7175458e+02
   9.6536017e+02   9.1980827e+01
   1.3593583e+03   1.6422599e+03
   8.0106628e+02   1.2675636e+03
   1.1630370e+03   2.7501328e+02
   2.7958112e+02   9.5805426e+02
   1.0165655e+02   4.8226294e+02
   5.9550694e+01   1.4770923e+03
   1.1896727e+03   2.7418195e+02
   1.1153520e+02   9.6714063e+02
   1.1383505e+02   5.1573920e+02
   1.0868425e+03   1.1993511e+03
   1.1584072e+03   6.6215759e+02
   1.0829620e+03   1.1747090e+03
   1.5256863e+02   5.4890839e+02
   1.2808173e+03   8.9503418e+02
   1.0289480e+03   1.3589331e+02
   1.4469891e+03   7.0230751e+01
   5.5888556e+02   2.4444083e+02
   1.9546573e+02   1.6420294e+03
   1.2167399e+03   8.0540759e+02
   5.6773560e+02   6.5192560e+02
   1.4453743e+03   6.7698981e+02
   3.0815659e+02   1.1420802e+03
   1.3139479e+03   1.8915646e+02
   1.4478213e+03   9.1283691e+01
   4.4553653e+02   3.9727209e+02
   1.2662183e+03   1.6520807e+02
   6.8100140e+02   2.1312540e+02
   6.4827469e+01   1.4277927e+03
   1.4479982e+03   6.6812274e+02
   8.1909851e+02   1.2673751e+03
   9.0513971e+02   1.6201862e+03
   5.6938843e+02   5.0308344e+02
   3.2329126e+02   9.4235419e+02
   1.4110109e+03   6.6339960e+02
   1.4257000e+03   4.8639957e+01
   1.0579229e+03   1.0344817e+03
   1.2131750e+03   1.5734612e+03
   1.1089048e+03   9.5851239e+02
   6.8439911e+02   4.7747324e+02
   6.9795728e+02   2.5603009e+02
   1.2610887e+03   3.6371930e+02
   6.1026740e+02   5.6907941e+02
   1.1030125e+03   1.4535723e+03
   6.4899561e+02   5.8176862e+02
   5.3344751e+02   2.8923462e+02
   4.7099609e+02   9.6191638e+02
   1.2380858e+03   2.6911353e+02
   1.0023011e+03   1.3781737e+02
   5.3167676e+02   1.0400168e+03
   4.6981775e+02   6.0275732e+02
   2.5498535e+02   7.1442664e+02
   4.4591614e+02   8.8739636e+02
   5.3345563e+02   8.8669910e+02
   1.1204565e+03   1.6267847e+03
   1.0343672e+03   8.2615485e+02
   1.0959497e+03   1.4922035e+02
   1.1678751e+03   1.6438181e+03
   7.2356299e+02   1.0349536e+03
   9.6207532e+02   1.3880632e+02
   1.0982313e+03   1.2187582e+03
   1.4584794e+03   7.2744385e+01
   1.4461617e+03   3.7864108e+02
   1.1009746e+03   7.7942236e+02
   1.3588373e+03   3.9923648e+02
   1.2568418e+03   2.3391019e+02
   1.1415206e+02   4.9205341e+02
   5.9895020e+02   6.7843866e+02
   1.5070149e+03   5.7221130e+02
   1.4194937e+03   1.0124088e+03
   1.4449618e+03   6.9504657e+02
   3.9610995e+02   1.6537269e+03
   1.0049243e+03   2.0076089e+02
   1.1068691e+03   1.0279020e+03
   6.7746008e+02   4.0828555e+02
   1.1254803e+03   1.4522585e+03
   1.3266526e+03   2.6313345e+02
   6.3937463e+02   7.6158661e+02
   5.2143939e+02   6.0215186e+02
   8.0037299e+02   1.1879248e+03
   3.1694354e+02   1.7714583e+02
   1.2023934e+03   4.2334750e+02
   1.1581411e+03   1.0215490e+03
   1.2380693e+03   9.7618402e+02
   1.0693982e+03   1.0815110e+03
   5.8409790e+02   5.0039035e+02
   1.5146765e+02   5.3610626e+02
   1.2817424e+03   1.5269766e+02
   1.4064896e+03   5.7092706e+02
   8.9979279e+02   1.4510311e+03
   1.3121687e+03   1.5356433e+02
   1.3990742e+03   1.6796837e+03
   1.1198124e+03   1.3999630e+03
   6.2691479e+02   1.6399508e+03
   6.3806042e+02   1.6315269e+03
   1.1426112e+03   9.1044354e+02
   1.1734957e+03   8.5603229e+02
   1.4582848e+03   1.0801075e+03
   1.4460045e+03   6.6015656e+02
   1.0817140e+03   1.2892375e+03
   1.1375359e+02   1.6013842e+03
   1.1322430e+03   1.5536105e+03
   8.2951959e+02   6.0158295e+02
   1.0749446e+03   1.3740552e+03
   1.4455743e+03   7.0841779e+02
   1.0354456e+03   1.4695259e+02
   2.7808619e+01   5.6200885e+02
   2.4107513e+02   4.2234937e+02
   1.2016525e+03   2.6663840e+02
   1.4928904e+03   8.3523517e+02
   3.3862524e+02   1.0440923e+03
   1.2316991e+03   1.6456416e+03
   6.6198138e+02   7.2782239e+02
   8.8960651e+02   1.0414194e+03
   1.1413943e+03   2.2170712e+02
   3.6105344e+02   1.0632928e+03
   1.3727928e+03   1.4058999e+03
   8.1006360e+02   1.2687030e+03
   3.9224567e+01   1.6722412e+03
   1.0924847e+03   8.8212390e+02
   1.4363080e+03   5.6388037e+02
   7.2299799e+02   1.2875560e+03
   4.5768146e+02   3.1905341e+02
   5.2432477e+02   4.6031329e+02
   5.9552057e+02   5.4016632e+02
   1.1982552e+03   1.9998494e+02
   1.1931619e+03   3.4512610e+02
   7.2301343e+02   1.4542667e+03
   1.0390129e+03   1.4634935e+02
   1.4374990e+03   9.8404578e+02
   1.3470540e+03   2.5553535e+02
   1.3114235e+02   8.3713812e+02
   1.3114393e+03   3.1887686e+02
   1.0808058e+03   2.4121806e+02
   3.6566446e+02   1.0387985e+03
   6.4291803e+02   1.2862109e+03
   1.1249916e+03   1.6490356e+02
   1.3064006e+03   5.5246344e+02
   5.5647827e+02   4.6582422e+02
   1.3288398e+03   1.5873978e+03
   9.0520795e+02   1.6201799e+03
   4.5651361e+02   3.1967932e+02
   1.3118313e+03   6.8440845e+02
   1.3576663e+03   1.3976191e+03
   2.9532274e+01   5.6128271e+02
   6.3779315e+02   5.9073462e+02
   1.8437926e+02   3.1640817e+02
   3.6879341e+01   1.6696256e+03
   1.2156202e+03   7.9372937e+02
   1.4934501e+03   6.2889502e+02
   1.3460499e+03   1.6894790e+03
   6.1139258e+02   5.3048718e+02
   1.1066835e+03   1.2356603e+03
   1.0202703e+03   4.8174323e+02
   1.2973618e+03   1.5162393e+02
   1.4791117e+03   3.6026877e+02
   1.8763727e+02   1.7711635e+03
   1.0756289e+03   1.0519595e+03
   3.3363943e+02   1.3440173e+03
   4.5420422e+02   2.4307378e+02
   1.4747206e+03   1.3280315e+02
   7.6890082e+02   6.8781061e+02
   1.8657539e+02   1.7709692e+03
   6.4701355e+02   1.0323311e+03
   1.5175469e+03   5.5649017e+02
   6.1149170e+02   5.6626013e+02
   1.3440216e+03   1.6761272e+02
   1.0098170e+02   1.6095629e+03
   8.9517358e+02   1.2890115e+03
   3.1048505e+02   4.1053555e+02
   6.8233643e+02   4.4065381e+02
   1.1576509e+03   1.6345459e+03
   2.7526093e+02   9.5735229e+02
   9.4476181e+01   9.7848865e+02
   1.3284465e+03   1.6990088e+02
   4.0616205e+02   4.3461969e+02
   9.8713336e+02   1.5569151e+02
   1.2261404e+03   8.1378809e+02
   1.3797826e+03   1.6687526e+03
   3.9968912e+02   8.5114948e+02
   1.1933345e+03   2.6020395e+02
   1.4964501e+03   1.5882251e+03
   6.5404395e+02   7.0432526e+02
   2.7315140e+02   1.6270903e+03
   9.3119751e+02   2.6806192e+02
   1.1371746e+03   1.9631497e+02
   1.0825399e+03   1.0319795e+03
   4.6231483e+01   6.6340234e+02
   1.8139099e+02   8.9254413e+02
   1.1857128e+03   1.8898167e+02
   1.0347593e+03   9.0096344e+01
   1.0796483e+03   1.1862175e+03
   1.1364761e+03   7.8865076e+02
   1.0619934e+03   2.3911389e+02
   1.1048021e+03   9.4021979e+02
   8.3383087e+02   3.6385211e+02
   4.5445248e+02   9.3362793e+02
   1.5754172e+02   1.6667770e+03
   6.4202985e+02   6.2765601e+02
   1.2797408e+03   1.5167621e+02
   1.0678898e+03   1.3115933e+02
   1.2630667e+03   3.8783270e+02
   1.4782321e+03   1.4000204e+03
   1.0916268e+03   1.6467422e+03
   1.0832723e+03   8.4781036e+02
   6.7923444e+02   7.1608185e+02
   1.2429308e+03   7.3589380e+02
   1.4435762e+03   1.4470811e+03
   1.2765814e+03   1.8624290e+02
   9.2763361e+02   3.4160809e+02
   1.2768634e+03   7.8865723e+02
   1.0481083e+03   7.8773535e+02
   1.2276819e+03   8.1865381e+02
   6.9053955e+02   6.7518506e+02
   1.4205818e+03   6.8036835e+02
   9.7779602e+02   1.3651940e+03
   1.2124989e+03   3.8940384e+02
   1.1778412e+03   4.1725739e+02
   1.3309739e+03   1.5928237e+03
   1.1099805e+03   9.2952966e+02
   1.3249288e+03   1.6851219e+03
   1.1949359e+03   8.3411597e+02
   1.0826376e+03   1.0803473e+03
   3.8868954e+01   5.8050482e+02
   4.9970718e+02   7.2004089e+02
   6.7637250e+02   2.6154480e+02
   1.9775964e+02   2.7896936e+02
   1.2119532e+03   1.6248394e+03
   1.4257854e+03   5.4789917e+02
   1.4130194e+03   1.0109927e+03
   1.1931423e+03   3.4567316e+02
   4.4630609e+02   9.8538171e+02
   1.4103676e+03   1.6688853e+03
   4.3364292e+01   6.4079791e+02
   8.0894257e+02   1.0301327e+03
   1.4147021e+03   3.8084732e+01
   1.0939611e+03   7.3233246e+02
   5.5508105e+02   5.2811365e+02
   5.4624872e+02   5.9754175e+02
   1.1007697e+03   1.1815907e+03
   1.2473958e+03   8.0478204e+02
   7.3310242e+02   6.9183527e+02
   1.1259346e+03   1.6398987e+03
   8.7676025e+02   4.2797418e+02
   1.5048022e+03   4.9756699e+02
   3.4438324e+02   1.1745802e+03
   7.8844324e+02   6.0839886e+02
   1.2088632e+03   1.8983778e+02
   1.0933788e+03   9.6857916e+02
   6.9200256e+02   4.6497903e+02
   3.4846503e+02   1.8673861e+03
   1.0814487e+03   1.3448146e+03
   1.3021584e+03   1.7398927e+02
   1.2494602e+03   8.0020801e+02
   1.1770308e+03   1.8262627e+02
   5.6923115e+01   3.9721335e+02
   6.0516235e+02   5.4589130e+02
   2.6745795e+02   5.6627032e+02
   7.1089185e+02   1.3809669e+03
   1.2766547e+03   7.7508313e+02
   3.8092630e+02   8.3463788e+02
   5.0338980e+02   6.3340668e+02
   6.5985059e+02   1.6894651e+03
   7.6763129e+02   4.1768964e+02
   6.0865106e+02   6.5122723e+02
   1.4546350e+03   1.9218703e+02
   1.1181035e+03   8.0856482e+02
   1.4771403e+03   1.0294634e+03
   1.1812187e+02   9.3127228e+02
   1.0778624e+03   1.2190968e+03
   1.2673137e+03   6.8514484e+02
   8.1802539e+02   1.1882181e+03
   9.7663647e+02   1.6933824e+02
   1.4588739e+03   1.5334220e+03
   7.1199921e+02   5.5317889e+02
   1.2819999e+03   3.4531720e+02
   3.4105093e+02   5.4129785e+02
   1.0985507e+03   1.0672795e+03
   1.1875131e+03   1.6453762e+03
   3.8240729e+02   1.0121855e+03
   1.1010160e+03   7.3706506e+02
   8.9984393e+02   1.4658470e+03
   6.9344745e+02   1.2309233e+02
   1.0829381e+03   7.8166229e+02
   1.4274397e+03   9.3351056e+02
   3.8880139e+02   6.5584686e+02
   1.3147548e+03   1.6034714e+03
   1.4059245e+02   3.5911163e+02
   2.9868887e+02   1.6287419e+03
   6.5036304e+02   4.8968411e+02
   1.4225612e+03   1.5883440e+03
   6.6077136e+02   5.7646497e+02
   8.8362073e+02   1.3815944e+03
   1.0954395e+03   1.0378149e+02
   1.2174335e+03   1.5683857e+03
   6.8195328e+01   5.1383521e+02
   1.1218859e+03   7.6415833e+02
   1.2592197e+03   8.3823553e+02
   8.1123299e+01   1.6098820e+03
   1.2775973e+03   2.1255032e+02
   7.7660480e+02   5.3539282e+02
   1.0955100e+03   2.6992282e+02
   5.9534955e+02   5.7911249e+02
   1.1940570e+03   1.7189275e+02
   7.9205768e+02   1.6118596e+03
   9.7022192e+02   1.0468123e+03
   6.5966743e+01   5.5616284e+02
   1.1227721e+03   9.9559601e+02
   1.2313668e+03   4.9947766e+02
   1.0828324e+03   1.3026908e+03
   1.0527345e+02   1.7559558e+03
   1.3882751e+03   5.1347803e+02
   4.2476660e+02   2.6175912e+02
   5.2704346e+02   9.1760370e+02
   3.9079636e+02   8.1780743e+02
   1.2643657e+03   2.3836469e+02
   3.0354462e+02   9.8667548e+02
   3.6934357e+02   5.1301166e+02
   5.1937402e+02   7.5301111e+02
   5.0918744e+02   8.1612299e+02
   8.9253708e+01   1.6353708e+03
   1.4422585e+03   3.2111389e+01
   5.9506268e+02   7.5112543e+02
   7.9006104e+02   4.4678513e+02
   1.1636259e+03   1.5797207e+03
   9.8369092e+02   1.6270164e+03
   1.3300867e+03   1.1104629e+03
   1.3890621e+03   5.1184421e+02
   5.4570923e+02   7.3739142e+02
   1.9093915e+02   9.5562720e+02
   1.2526066e+03   3.5751907e+02
   3.0706308e+02   1.1557112e+03
   9.2330090e+02   3.1464221e+02
   3.6420288e+02   1.0659078e+03
   1.1637244e+03   4.7148080e+02
   6.6586322e+02   6.9739484e+02
   1.0903972e+03   1.3119008e+03
   4.1263022e+02   1.0144586e+03
   1.3756599e+03   1.6158729e+03
   6.1714282e+02   5.1097815e+02
   1.2440216e+03   9.7220435e+02
   5.8631866e+02   6.2590662e+02
   1.1908525e+03   1.5992151e+03
   6.0364105e+02   5.5973016e+02
   3.3403979e+02   8.0165167e+02
   8.2794684e+02   1.2691030e+03
   7.2036426e+02   6.9782385e+02
   4.0268268e+02   1.0374618e+03
   1.0443511e+03   2.0418015e+02
   1.4973445e+03   4.3221408e+02
   6.3578143e+02   6.0108514e+02
   1.2240337e+03   1.6480415e+03
   1.0940048e+03   9.6595135e+02
   1.0890701e+03   1.2810946e+03
   1.1799186e+03   5.5173297e+02
   1.4006296e+03   1.0130286e+03
   4.5707317e+01   1.6113542e+03
   8.3272247e+02   1.3809004e+03
   1.2462728e+03   8.4846509e+02
   1.0556289e+03   2.2266249e+02
   1.4628344e+03   1.6531563e+03
   1.1812756e+03   6.9947986e+02
   4.3627203e+02   9.1426025e+02
   1.1096538e+03   1.6705256e+03
   1.0823256e+03   1.4575576e+03
   1.4326660e+03   1.4057404e+03
   1.0105429e+03   2.8381027e+02
   6.3352087e+02   6.2539069e+02
   5.6642462e+02   6.4023230e+02
   1.3915653e+03   3.2647281e+02
   1.0825518e+03   8.5552502e+02
   5.2992871e+02   1.2260304e+03
   8.1505621e+02   1.6360874e+03
   3.1163486e+02   1.2792247e+03
   1.2553888e+03   1.0310991e+03
   1.4859602e+03   1.9218921e+02
   1.0892574e+03   1.4246473e+03
   1.0788467e+03   3.3053448e+02
   9.7181717e+01   9.7314789e+02
   3.2496072e+02   1.4929999e+03
   1.1072473e+03   9.2295306e+02
   8.1464752e+02   1.6405974e+03
   2.6205969e+02   6.3473975e+02
   1.4526585e+02   8.5303656e+02
   9.1841528e+02   1.0996178e+02
   1.4647567e+03   7.3872986e+02
   1.4660846e+03   3.1389075e+02
   4.4732214e+02   9.1500024e+02
   8.2097839e+02   6.0015466e+02
   1.1643876e+03   9.0870367e+02
   1.1158143e+03   1.6130270e+02
   1.4557854e+03   1.6160841e+03
   1.4420035e+03   1.6091375e+03
   9.5226700e+01   1.4138269e+03
   4.3242529e+02   4.0197641e+02
   1.0952578e+03   1.0505480e+03
   1.4888517e+03   1.5056959e+03
   3.7429831e+02   6.4605396e+02
   5.6966656e+02   2.4049574e+02
   1.4311411e+03   2.9762833e+02
   5.1465576e+02   7.2667163e+02
   8.3215509e+02   1.2893540e+03
   1.3682983e+02   4.7733536e+02
   1.7244719e+02   3.6818927e+02
   3.8159518e+02   7.5111969e+02
   8.2081989e+02   6.9656427e+02
   1.4248448e+03   1.5133473e+03
   1.2687878e+03   1.2093346e+03
   3.3279041e+02   6.2979657e+02
   1.4769996e+03   3.1027029e+02
   1.1007930e+03   7.3508533e+02
   6.7323663e+02   2.5205681e+02
   8.4454724e+02   9.8415009e+01
   6.2416920e+01   5.6462817e+02
   1.4272283e+03   9.9180255e+02
   1.4342672e+03   1.6424517e+03
   5.1693329e+02   7.8473346e+02
   1.0778091e+02   2.5286459e+02
   9.0813983e+02   9.2492439e+01
   1.1917321e+03   1.3537160e+02
   1.2985787e+03   6.8716565e+02
   1.1290928e+03   1.2392704e+02
   1.2713368e+03   9.2144330e+02
   1.3571533e+03   1.6013130e+03
   1.1986320e+03   1.0375211e+03
   1.3760240e+03   3.5743857e+02
   1.9332938e+02   9.3387659e+02
   4.7562794e+01   1.5914410e+03
   1.0688756e+03   8.2092822e+02
   3.6052325e+02   4.3537381e+02
   1.4268553e+03   1.5141449e+03
   1.1860239e+03   8.9439917e+02
   3.4878632e+02   5.5972675e+02
   5.1651904e+02   6.4003448e+02
   7.3033911e+02   7.2196167e+02
   4.7271097e+02   9.6912524e+02
   8.7155035e+02   4.4377307e+02
   1.2598057e+03   3.4779379e+02
   1.1880225e+03   1.0007798e+03
   6.1989086e+01   5.6593011e+02
   3.1298862e+02   1.6213990e+03
   1.1835231e+03   5.2434259e+02
   1.1232866e+03   7.5261523e+02
   9.6467621e+01   1.1229730e+03
   7.2181610e+02   1.4696442e+03
   4.7039218e+02   6.2961932e+02
   1.1315778e+03   1.4161946e+02
   3.8377338e+02   1.3337864e+03
   8.1498859e+02   6.3707135e+02
   8.2413208e+02   4.4411377e+02
   1.0546702e+03   7.9666437e+02
   8.4065942e+02   6.0352777e+02
   8.7071844e+02   4.2150043e+02
   1.3447450e+03   1.6208362e+03
   1.2859015e+02   1.6493168e+03
   1.1273605e+03   1.2296684e+02
   3.5391946e+02   2.0573236e+02
   6.5129047e+02   5.1387830e+02
   2.5545894e+02   7.0172046e+02
   1.4312579e+02   9.2028943e+02
   1.3005837e+03   2.7286057e+02
   3.3345297e+02   1.4179744e+03
   3.9393414e+02   7.4876318e+02
   3.3415762e+02   1.5073610e+03
   4.9442361e+02   8.6027863e+02
   1.4316096e+02   9.2263751e+02
   8.4804395e+02   4.2244305e+02
   5.3618756e+02   1.4549185e+03
   8.9876758e+02   1.0439362e+03
   9.9163745e+02   8.3866974e+01
   3.2619952e+02   1.4412969e+03
   1.9259000e+02   1.6001132e+03
   1.4878643e+03   4.2996658e+02
   1.2555131e+03   9.2960205e+02
   1.2986233e+03   4.5696176e+02
   1.2143512e+03   1.6294454e+03
   1.3593879e+03   7.8406873e+02
   1.1242678e+03   7.7221014e+02
   4.4109476e+02   1.3324663e+03
   1.4228932e+03   9.9587238e+02
   1.0061873e+03   7.2139252e+01
   1.2288381e+03   1.4171159e+02
   1.0699398e+03   3.8932196e+02
   1.2132349e+03   9.0903851e+02
   7.6226189e+01   8.0043146e+02
   6.1541528e+02   4.9570978e+02
   2.8015854e+02   1.2475459e+03
   1.2926002e+03   4.7091785e+02
   7.8323311e+01   1.5886840e+03
   1.0575188e+02   1.4360394e+03
   1.4995280e+02   5.2592682e+02
   1.2390099e+03   7.0881274e+02
   1.1578583e+03   1.5935593e+02
   1.0680531e+03   1.1770186e+03
   1.2795846e+03   6.8924109e+02
   2.0795432e+02   1.5613631e+02
   2.3589923e+02   1.6473391e+03
   1.2964462e+03   5.2179248e+02
   3.1062494e+02   1.8385885e+03
   5.3948419e+02   1.2551620e+03
   1.4122172e+03   1.1691355e+03
   1.2670591e+03   8.0801520e+02
   8.2445349e+02   4.7282867e+02
   1.3062433e+03   9.4731006e+02
   6.1022015e+02   6.0520569e+02
   1.0980471e+03   1.9609138e+02
   2.9255136e+02   1.6459739e+03
   8.8321510e+01   1.7580488e+03
   1.0391104e+03   5.5112140e+02
   5.1709680e+02   1.6950211e+03
   1.0890470e+03   1.3391055e+03
   5.3685461e+02   6.9395337e+02
   1.5092419e+03   2.6977298e+02
   3.5474503e+02   1.2093068e+03
   1.1503328e+03   7.5174329e+02
   3.7666318e+02   5.9198999e+02
   1.3631892e+03   1.8685480e+02
   1.4834279e+03   1.1478478e+02
   3.4513297e+02   1.1636371e+03
   9.7984985e+02   1.3600562e+03
   9.3663641e+02   1.0897926e+02
   1.0946390e+03   1.3031920e+03
   4.2007614e+02   2.7321888e+01
   1.0842422e+03   1.3286788e+03
   1.4013966e+03   1.1575336e+03
   1.2194598e+03   1.6385803e+03
   1.3218903e+03   1.6370656e+02
   3.9178036e+02   8.4152667e+02
   1.3473104e+03   6.4167305e+01
   4.1025181e+01   5.7156195e+02
   1.0530363e+03   8.7090637e+02
   1.1885270e+03   1.1626158e+03
   7.6762543e+01   8.0224127e+02
   1.5126941e+03   7.0251642e+02
   1.3756626e+03   8.3366547e+02
   2.8653128e+02   1.5267410e+03
   1.4224299e+03   5.2268372e+02
   9.2832230e+01   1.6191324e+03
   3.3260489e+02   1.1165289e+03
   7.1966125e+02   9.9572125e+02
   1.4954266e+03   1.6018651e+03
   1.0758314e+03   1.1808181e+03
   1.0798760e+03   1.4119130e+02
   6.4300122e+02   5.1247314e+02
   1.4976073e+03   3.6112805e+02
   3.3318060e+02   1.5341626e+03
   8.0926147e+02   1.1897338e+03
   7.7329242e+02   4.9121906e+02
   2.1362657e+02   1.5946428e+03
   1.2853192e+03   3.6988840e+02
   1.2541797e+03   9.7899011e+02
   1.5082758e+03   4.3742484e+02
   1.3628285e+03   1.1621255e+03
   4.6088260e+02   3.3138208e+02
   6.4079138e+02   1.3862371e+03
   3.1641464e+02   1.8514868e+03
   1.4738538e+03   1.9099826e+02
   1.2489032e+03   9.9721112e+02
   2.2301388e+01   1.6237545e+03
   1.8927467e+02   3.9652661e+02
   1.2060461e+03   1.6207061e+03
   5.8102374e+02   6.7058667e+02
   1.3000089e+03   3.2870859e+02
   1.2798191e+03   1.6809893e+03
   3.2754312e+02   1.8933007e+03
   4.9026633e+02   8.2933008e+02
   5.4458997e+02   1.0170915e+03
   2.8965848e+02   9.6556567e+02
   9.8381982e+02   3.0656796e+02
   4.0417499e+02   2.9721460e+02
   1.1789205e+03   3.7664371e+02
   1.3853037e+03   2.1934143e+02
   1.1980747e+03   9.4043610e+02
   1.4775870e+03   1.6270737e+03
   2.9074377e+02   8.1555853e+02
   1.2996367e+03   4.6901508e+02
   1.0477151e+03   5.5699811e+02
   8.2630133e+02   2.3394295e+02
   5.6589725e+01   8.1410333e+02
   6.8703534e+02   4.3426605e+02
   1.2894093e+03   3.3496451e+02
   8.0444189e+02   6.0491882e+02
   2.0649600e+02   5.4432025e+02
   6.6681311e+02   6.1349048e+02
   1.3056659e+03   6.7690930e+02
   1.1923756e+03   3.1343585e+02
   3.6864670e+02   8.7034497e+02
   4.0622504e+02   4.8596774e+02
   3.8177081e+02   8.7819617e+02
   7.4172986e+02   5.7521588e+02
   6.9471161e+02   1.7130546e+03
   7.9390491e+02   9.9889478e+02
   3.3109558e+02   6.3282703e+02
   3.3935461e+02   1.4201823e+03
   1.2578840e+03   8.4834888e+02
   1.0242087e+03   1.1309351e+03
   1.0059926e+03   4.8238138e+02
   4.1531830e+02   9.6523822e+02
   4.1800290e+02   2.8379156e+02
   1.4614158e+03   1.6647766e+03
   9.1742706e+01   3.0607212e+01
   1.1268558e+03   1.5635278e+03
   6.9359210e+02   1.7082938e+03
   9.3128349e+01   9.2192560e+02
   6.1019489e+02   6.6895569e+02
   7.5379688e+02   5.7418042e+02
   1.0988533e+03   8.8902686e+02
   5.7002106e+02   7.8491602e+02
   6.3799152e+02   1.6818395e+03
   5.1306775e+02   3.7817551e+02
   1.2975289e+03   9.5322021e+02
   5.9245483e+02   5.4723450e+02
   1.4782927e+03   1.5280553e+02
   1.2550487e+02   8.5475006e+02
   1.2446268e+03   1.5747712e+03
   1.3134338e+03   6.9642554e+02
   1.4670189e+03   1.6663145e+03
   1.3462941e+03   7.3609186e+02
   2.8188989e+02   5.3967609e+02
   7.9739557e+02   5.4093121e+02
   7.0944934e+02   1.5535637e+03
   1.2230894e+03   5.1790204e+02
   1.2738267e+03   5.3502875e+02
   4.0237192e+02   8.8427051e+02
   3.3342599e+02   1.4970219e+03
   1.0012631e+03   2.3298091e+02
   1.0702010e+03   1.5674464e+03
   1.4146040e+03   3.6525488e+02
   6.4801697e+02   1.6896948e+03
   1.4826139e+03   1.5812971e+03
   4.1607825e+02   1.3563138e+03
   1.2143657e+03   1.4097099e+02
   1.2827190e+03   1.5830868e+03
   5.6844122e+02   3.9499503e+02
   1.3875100e+03   1.4063275e+03
   8.9597418e+02   5.5045630e+02
   1.0676749e+03   1.4126433e+02
   1.1668365e+03   7.7884753e+02
   9.7046014e+02   5.0761160e+02
   1.2942081e+02   3.8222519e+02
   1.3604326e+03   1.5242757e+02
   8.6564703e+02   6.5299719e+02
   1.2018076e+03   4.8776300e+02
   6.4288177e+02   9.9219269e+02
   8.5735999e+02   4.4296487e+02
   2.0303488e+02   3.1467032e+02
   1.1906692e+03   3.5816541e+02
   5.9176221e+02   5.8101477e+02
   5.0710675e+02   7.5933997e+02
   7.1718280e+02   4.6281836e+02
   5.2353894e+02   9.1776434e+02
   1.1049166e+03   1.2224971e+03
   1.3051451e+02   2.1383871e+02
   1.2633979e+03   2.3634540e+02
   1.0807919e+03   1.2930280e+02
   2.4428609e+02   5.7139508e+02
   1.0109684e+03   2.9753537e+02
   7.1702893e+02   5.8493091e+02
   1.5096205e+03   7.8141895e+02
   7.6858160e+02   7.0291211e+02
   1.4453765e+03   9.0950244e+02
   8.3455743e+02   5.0360004e+02
   6.8267838e+01   5.4575604e+02
   1.4606371e+03   1.2512257e+02
   7.3852271e+02   1.4676194e+03
   1.4865575e+03   1.5808883e+03
   6.8221277e+02   7.4869586e+02
   7.9887030e+02   1.1028625e+03
   1.3308750e+03   3.3859943e+02
   9.2844995e+02   3.5200394e+02
   9.1796547e+01   1.6284583e+03
   1.0886508e+03   8.5964539e+02
   1.1722314e+03   1.9993718e+02
   2.0223637e+02   5.7841315e+02
   1.0341045e+03   1.2449504e+02
   1.1469415e+03   9.8789203e+02
   1.2600316e+03   7.6597363e+02
   1.0857549e+02   2.7561325e+02
   6.4159778e+02   1.3622229e+03
   1.1022734e+03   1.2879980e+03
   1.2631454e+03   1.6740184e+03
   1.9551947e+02   5.3608258e+02
   3.5021124e+02   1.4556477e+03
   1.3230134e+03   3.3472385e+02
   1.2886361e+03   1.6657133e+02
   1.1741768e+03   4.4393399e+02
   1.0137627e+03   1.2448114e+02
   1.1733777e+03   1.9066513e+02
   1.1092318e+03   9.4197552e+02
   6.8442590e+02   2.6363361e+02
   1.0825428e+03   3.9648169e+02
   3.2152286e+02   6.8506647e+02
   4.0074530e+02   4.6371869e+02
   1.1420903e+03   1.5532417e+03
   4.1278757e+02   2.9327115e+02
   1.0827451e+02   2.7305170e+02
   5.5725317e+02   2.2661871e+02
   1.1455236e+03   9.0511182e+02
   1.0163641e+03   8.8408379e+01
   7.5750854e+02   6.1540363e+02
   3.6643338e+02   7.6549390e+02
   1.1504440e+03   7.5162067e+02
   8.4987024e+02   4.6670578e+02
   1.0885112e+03   4.9372134e+02
   1.2753486e+03   2.9251300e+02
   1.4053748e+03   3.6172043e+02
   2.7880008e+02   5.2498438e+02
   1.4195962e+03   9.2894305e+02
   1.0629657e+02   2.4362840e+02
   3.6094537e+02   6.3463318e+02
   6.0888055e+02   5.4958429e+02
   9.7106268e+02   1.8925580e+02
   7.7176245e+02   3.4447464e+02
   9.3346216e+02   2.8064960e+02
   9.0218372e+02   1.0441003e+03
   2.8914972e+02   9.9293579e+02
   1.2771406e+03   1.5696661e+03
   5.0586792e+02   6.4289142e+02
   2.8369223e+02   1.2383384e+03
   1.3094517e+03   1.6788822e+03
   1.2759063e+03   4.1382538e+02
   5.4928120e+01   1.7629220e+03
   6.5862439e+02   1.0344064e+03
   7.7730487e+02   6.1032330e+02
   2.8617358e+02   1.2406738e+03
   1.1789095e+03   7.0741150e+02
   1.0023243e+03   1.6730547e+03
   5.6999280e+02   2.5325485e+02
   5.9809814e+02   2.3576022e+02
   2.9376416e+02   1.6128784e+03
   1.4921926e+03   1.6035474e+03
   1.4855476e+03   4.1473260e+02
   2.8727747e+02   2.0140901e+02
   1.0751113e+03   1.3688041e+03
   3.1824655e+02   1.4986222e+03
   7.8381763e+02   5.0572229e+02
   3.3657370e+02   1.5170310e+03
   1.1607794e+03   3.1484955e+02
   2.7305661e+02   1.4363149e+03
   8.7496338e+02   1.1229638e+02
   1.0984795e+03   1.4472654e+03
   1.3926288e+03   9.1178734e+01
   1.0052786e+03   9.6760323e+01
   3.2592639e+02   1.4337057e+03
   1.3059385e+03   3.0989267e+02
   6.3621240e+02   1.3845587e+03
   1.0942419e+03   1.2905938e+03
   3.5389536e+02   9.6160242e+02
   6.0505634e+02   3.1206537e+02
   1.0579203e+03   2.4645940e+02
   1.6948285e+02   9.2540283e+02
   1.4201271e+03   1.6866444e+02
   9.5554939e+01   7.9273920e+02
   1.1592744e+03   9.8588208e+02
   1.1715922e+03   8.6947925e+02
   1.3757454e+03   1.6257991e+03
   6.4081696e+02   5.2124451e+02
   3.5131955e+02   5.3618903e+02
   1.0618483e+03   1.0762877e+03
   1.1993190e+03   1.6671852e+03
   1.2294072e+03   2.4690417e+02
   1.4616116e+03   2.2181181e+02
   1.0695972e+03   1.2996643e+03
   4.5870105e+02   2.3339220e+02
   3.4685938e+02   1.4909993e+03
   1.2790248e+03   1.7359189e+02
   1.0494487e+03   5.7394177e+02
   9.9161554e+02   1.6102468e+03
   1.4211755e+03   8.8130963e+02
   3.7407877e+02   1.2652971e+03
   3.8387317e+02   9.7749652e+02
   2.7540030e+02   9.5522986e+02
   1.1799741e+03   8.4080994e+02
   2.2534839e+02   1.7339860e+03
   1.7202489e+02   3.8375269e+02
   3.4675360e+02   1.1389240e+03
   4.2622308e+02   4.9247339e+02
   1.0705892e+03   1.0978168e+03
   1.4010862e+03   1.0146865e+03
   1.3932693e+03   9.7427100e+02
   1.3078800e+03   7.0109625e+02
   1.1499228e+02   1.7439475e+03
   1.0952469e+03   1.3959714e+03
   2.9796576e+02   5.0569705e+02
   7.1402899e+02   6.9960596e+02
   1.4263771e+03   9.0542804e+02
   1.2914102e+03   3.5575742e+02
   1.2541545e+03   2.8378900e+02
   1.3901802e+03   8.8801720e+01
   2.8393896e+02   7.4489923e+02
   6.2685303e+02   1.6264131e+03
   1.0737416e+03   4.2573270e+02
   1.3707753e+03   1.6731722e+03
   1.0736526e+03   5.9336835e+02
   2.7745212e+02   1.6550256e+03
   9.7157440e+02   1.3565859e+03
   8.7930951e+02   1.2890133e+03
   5.6219751e+02   5.8303326e+02
   1.0661208e+03   1.9306726e+02
   3.5586078e+02   1.8408281e+03
   1.4675143e+03   1.0647037e+03
   1.7415405e+02   9.1581097e+02
   9.2937012e+01   5.4783203e+02
   1.2434113e+03   7.9552051e+02
   1.0779511e+02   5.9485266e+02
   1.0097227e+03   3.8772751e+02
   8.4079828e+02   5.8020490e+02
   3.6787427e+02   6.0923108e+02
   9.4691083e+02   7.7308398e+02
   1.1720186e+03   4.1240704e+02
   1.2811771e+03   2.2409476e+02
   1.0421309e+03   1.5138762e+02
   4.7708585e+02   1.4094769e+03
   1.3744773e+03   1.6893932e+03
   1.0599763e+03   1.0659058e+03
   1.3950698e+03   9.2933517e+01
   8.0169427e+02   6.0493945e+02
   3.2492181e+02   1.3320150e+03
   1.4640504e+03   1.3177552e+03
   8.3229132e+02   6.0945599e+02
   1.4085143e+03   1.5826527e+03
   1.1940297e+03   1.6613845e+03
   6.4068536e+02   1.6771973e+03
   1.0407299e+03   1.5637154e+02
   4.4054877e+02   7.0132996e+02
   1.1125580e+03   1.7785977e+02
   6.0414844e+02   3.1511542e+02
   1.0875867e+03   7.2236792e+02
   1.1838445e+03   8.0825281e+02
   2.2052451e+02   6.2759418e+02
   8.0893915e+02   1.3616431e+02
   9.7168256e+02   1.3574967e+03
   4.3167657e+02   7.1454169e+02
   1.3538947e+03   1.3461211e+03
   3.2504529e+02   1.3303625e+03
   1.1360144e+03   7.3362140e+02
   1.4158036e+03   2.4272981e+02
   9.0053021e+02   1.6304829e+03
   1.4138035e+03   5.3817078e+02
   5.9778314e+02   6.8659137e+02
   1.4773582e+02   1.5547948e+03
   1.6863976e+02   8.8060547e+02
   5.0760910e+02   6.4088245e+02
   7.1674951e+02   1.3846146e+03
   3.4514447e+02   7.0631433e+02
   1.1971350e+03   4.6156479e+02
   3.4424750e+02   5.7666644e+02
   7.3573242e+02   1.5535953e+03
   5.1932178e+02   3.7464438e+02
   1.0383663e+03   9.0220929e+02
   6.5372449e+02   1.6944635e+03
   1.2961359e+03   3.2312048e+02
   8.1256958e+02   4.8166690e+02
   1.3276085e+03   6.8138129e+02
   7.1810724e+02   1.1253311e+03
   5.9003094e+02   3.4667310e+02
   3.3488034e+02   1.4892974e+03
   4.9057651e+02   6.5187317e+02
   1.5038269e+03   1.2414381e+02
   6.3558972e+02   1.6168296e+03
   1.4121096e+03   1.6249235e+03
   7.4423181e+02   6.5275153e+02
   9.4805475e+02   7.6471466e+02
   1.2820568e+03   6.5676318e+02
   6.6026477e+02   3.2695724e+02
   8.7198737e+02   5.0407205e+02
   1.3726550e+03   1.4485864e+03
   1.1770645e+03   7.1733331e+02
   1.2915690e+03   3.7045563e+02
   1.0637385e+03   1.1829536e+03
   1.0269830e+03   8.2356305e+02
   1.4872565e+03   1.5522819e+03
   9.3470810e+01   5.4706592e+02
   1.2553059e+03   2.2794455e+02
   1.4064017e+03   2.3511079e+02
   8.6867615e+02   6.5086908e+02
   1.4124872e+03   1.6294458e+03
   1.3047081e+03   4.6896088e+01
   1.1069146e+03   1.1687196e+03
   7.9798376e+02   1.1290710e+03
   9.9754883e+02   9.4788399e+01
   7.2281744e+02   1.3864247e+03
   6.4330676e+02   1.2574899e+03
   1.1487920e+03   8.7624341e+02
   9.0418298e+02   1.6366819e+03
   1.3810029e+03   7.8616534e+02
   7.8782581e+02   5.6604108e+02
   1.0631664e+03   1.0897401e+03
   8.3930811e+02   1.0592596e+03
   4.2170859e+02   2.4615671e+02
   3.2338367e+02   1.5141982e+03
   1.5033713e+03   1.6281991e+03
   1.3405261e+03   2.0122108e+02
   9.1451715e+02   1.4637491e+03
   1.4472981e+03   1.6048733e+03
   4.1918887e+02   5.9234747e+02
   4.3759763e+02   2.5306158e+02
   1.3376801e+03   7.0612463e+02
   1.4459275e+03   1.9126910e+02
   8.8879791e+02   1.0590421e+03
   3.0348361e+02   1.3963903e+03
   1.1147438e+03   8.1066071e+02
   8.8600177e+02   1.4645898e+03
   1.5179008e+03   1.0053278e+03
   1.2040356e+03   1.6719482e+03
   9.3492287e+01   1.4302162e+03
   9.4663330e+02   6.0295996e+02
   1.3864122e+03   7.5822943e+02
   3.8539758e+02   1.6254967e+03
   7.3133026e+02   5.1169852e+02
   1.1745248e+03   9.6289868e+02
   1.1431373e+03   8.6192102e+02
   6.5285815e+02   1.2873684e+03
   6.7727332e+02   4.5115701e+02
   1.1607687e+03   8.1656744e+02
   1.2459740e+03   8.9093005e+02
   1.3910730e+03   1.6574215e+03
   1.4516048e+02   3.7046204e+02
   1.3035729e+03   3.4443150e+01
   9.5224200e+02   1.0457030e+03
   1.4179978e+03   1.6019186e+03
   6.8002783e+02   4.9956732e+02
   1.2410826e+03   5.5229248e+02
   1.4001904e+03   3.5130026e+02
   7.7217786e+02   7.0556006e+02
   9.9027271e+02   3.4004840e+02
   6.0311560e+02   8.3080701e+02
   2.9584479e+02   1.0226120e+03
   3.5902206e+02   9.4520520e+02
   1.4512137e+03   9.8264374e+02
   1.1930957e+03   1.6576281e+03
   2.9708209e+02   8.4862885e+02
   1.4855101e+03   1.5020424e+03
   9.2963593e+02   6.4176624e+02
   9.3796051e+02   1.0675470e+03
   1.2558361e+03   5.6650507e+02
   1.0975090e+03   1.2232888e+02
   6.4350433e+02   7.0975110e+02
   3.4607864e+02   5.7335522e+02
   5.4969684e+02   2.2616125e+02
   7.5039789e+02   5.4148346e+02
   2.1340338e+02   5.8807996e+02
   1.4785366e+03   1.4132554e+03
   1.5095879e+03   3.6325696e+02
   1.4878939e+03   3.5708847e+02
   2.5465121e+02   6.6903015e+02
   7.1202362e+02   4.9225043e+02
   1.2638915e+03   6.6555219e+02
   9.6407471e+02   5.4161090e+02
   1.3901726e+03   1.5214487e+02
   1.7491830e+02   1.7567622e+03
   1.3534309e+03   1.4165994e+03
   5.6300000e+02   2.1760449e+02
   1.3941692e+03   2.3385417e+02
   1.3279344e+03   1.6677162e+03
   6.5925464e+02   2.6076880e+02
   1.2704308e+03   1.6670802e+03
   1.2161904e+03   1.6444944e+03
   5.1937543e+02   4.2911154e+02
   6.4797775e+01   7.9463849e+02
   1.5003948e+03   4.4700949e+02
   1.3869536e+03   5.2677838e+02
   1.3667338e+03   7.8896100e+02
   2.5960431e+02   1.4359745e+03
   3.2129153e+02   1.5262151e+03
   1.1170527e+03   1.4730361e+03
   8.0254327e+02   1.4414128e+03
   8.2009521e+02   3.9712335e+02
   8.0762762e+02   5.7486444e+02
   1.4712070e+03   1.3703661e+03
   1.4014733e+03   8.5769981e+01
   6.5118701e+02   3.9376709e+02
   1.3298837e+03   1.6472102e+03
   9.2992749e+02   1.0563279e+03
   8.1555835e+02   5.6277936e+02
   1.0398507e+03   5.6608087e+02
   1.5035297e+03   1.1393355e+02
   3.5656757e+02   6.1333466e+02
   4.0023639e+02   8.0289771e+02
   1.3176847e+03   2.7762302e+02
   1.2903008e+03   2.8581265e+02
   1.8950372e+02   3.1030447e+02
   1.4400814e+03   1.5729905e+03
   7.4645306e+02   2.8572244e+02
   8.0425983e+02   1.0019331e+03
   8.9025946e+02   1.3036923e+03
   1.4641916e+02   1.5612610e+03
   3.5691528e+02   6.7719055e+02
   3.4614334e+02   2.5457002e+02
   1.2826201e+03   1.6692721e+03
   7.9723004e+02   1.4666522e+03
   3.8310068e+02   1.7237301e+03
   1.0709683e+03   2.1762489e+02
   1.3670226e+03   7.9448041e+02
   5.6234192e+02   3.9705249e+02
   1.0872316e+03   2.8315298e+02
   3.8005414e+02   6.0902399e+02
   2.3043732e+02   9.1095166e+02
   1.4134822e+03   9.1405438e+02
   1.4462294e+03   6.4052728e+02
   9.6550537e+02   1.2096344e+03
   6.2884973e+02   1.3817842e+03
   1.2130714e+03   9.7111340e+02
   1.0931477e+03   1.4917911e+03
   1.4279365e+03   1.3376951e+03
   4.8760721e+02   6.6996375e+02
   5.9414117e+02   5.0891208e+02
   3.7470401e+02   6.1371735e+02
   8.2711053e+02   1.1148961e+03
   1.3976146e+03   7.7805933e+02
   1.1073772e+03   7.9741620e+02
   1.2554589e+03   1.5691093e+03
   1.4818365e+03   2.8163428e+02
   7.6880707e+02   5.4214056e+02
   1.3017520e+03   1.6538333e+03
   7.1682045e+01   1.7650060e+03
   1.1073333e+03   1.3848177e+03
   7.0224030e+02   6.4604156e+02
   1.1885078e+03   4.7632318e+02
   1.1715139e+03   1.6296520e+03
   1.4597266e+03   6.0931628e+02
   4.9103649e+01   7.6103955e+02
   1.0681879e+02   2.8193533e+02
   9.5680865e+02   8.4962204e+01
   1.0951724e+03   1.4310286e+03
   7.7618004e+01   7.5716992e+02
   1.1860682e+03   1.6694185e+03
   1.1592888e+03   2.9332224e+02
   2.8678821e+02   7.0993634e+02
   1.2259247e+03   7.0147699e+02
   7.0808710e+02   1.4688773e+03
   1.1988749e+03   8.1843250e+02
   7.1553741e+02   7.0574304e+02
   1.3048878e+02   4.9212579e+02
   1.0523293e+03   8.5763397e+02
   6.6671112e+02   6.5509351e+02
   6.7328235e+02   6.8608893e+02
   1.4702128e+03   8.5531586e+01
   1.3562161e+03   1.4440855e+02
   1.3750774e+03   8.5972931e+01
   6.5480676e+02   1.1878002e+03
   9.9795667e+02   2.8045718e+02
   1.4928179e+03   3.3276520e+02
   1.1770861e+03   3.8504984e+02
   1.2990364e+03   3.6135406e+02
   3.3954877e+02   9.3883331e+02
   3.2593707e+02   1.7830311e+03
   5.9565088e+02   5.1515918e+02
   7.6917450e+02   3.3150201e+02
   1.1564109e+03   8.4696167e+02
   1.5144758e+03   1.6013934e+03
   1.1987847e+03   6.7362292e+02
   1.3894030e+03   7.9824512e+02
   8.9700140e+02   1.3841899e+03
   1.1738195e+03   1.6600073e+03
   8.3986810e+02   1.0632839e+03
   1.2565194e+03   4.8408878e+02
   1.0910389e+03   5.4998859e+02
   8.0134259e+02   1.4700962e+03
   6.3155725e+02   1.6149181e+03
   3.0306427e+02   1.3952683e+03
   1.3948479e+03   9.9077765e+02
   1.2913951e+03   1.6809617e+03
   1.3899216e+03   7.7790210e+02
   1.6107521e+02   4.1214688e+02
   5.6548639e+02   6.0561743e+02
   1.0652418e+03   9.7616302e+01
   5.5080811e+02   5.9764648e+02
   8.8477905e+02   1.3537240e+03
   4.9379114e+02   6.4365350e+02
   2.7644763e+02   8.1360248e+02
   8.2622736e+02   5.2835150e+02
   5.7009375e+02   3.0772220e+02
   1.3100529e+03   1.6817172e+03
   1.0015618e+03   1.6474568e+02
   2.6711221e+02   1.4379507e+03
   1.9434811e+02   8.4156299e+02
   1.0352992e+03   7.3314392e+02
   1.4082424e+03   5.0514182e+02
   1.2218647e+03   7.7980225e+02
   1.2383669e+03   9.9309534e+02
   8.1969788e+02   5.2714166e+02
   7.5031158e+02   4.3607803e+02
   1.0958546e+03   1.4080337e+03
   7.2347900e+02   1.0526217e+03
   1.1713419e+02   7.8788135e+02
   7.2227612e+02   1.6391075e+03
   1.4152837e+03   1.1672358e+03
   1.0626783e+03   9.1221558e+01
   1.2137399e+03   8.9081598e+02
   1.5106581e+03   5.4855200e+02
   7.1595770e+02   1.3691382e+03
   1.0632839e+03   1.0478296e+03
   7.0438995e+02   6.6738190e+02
   1.1306969e+03   8.7204346e+02
   4.2001682e+02   1.3972642e+03
   7.8996637e+02   1.3547795e+03
   1.0369054e+03   7.3141321e+02
   6.9262566e+01   7.8690906e+02
   1.2648665e+03   9.4411597e+02
   1.2330833e+02   1.1662920e+03
   1.1721895e+03   3.4530853e+02
   1.1739430e+03   1.6786917e+02
   7.1404059e+02   1.0364200e+03
   2.3521104e+02   8.6680450e+02
   7.2264087e+02   1.3039319e+03
   7.9866962e+02   6.6535504e+02
   1.0859178e+03   9.6210828e+02
   4.7853306e+01   8.5054663e+02
   1.1750846e+03   4.3670749e+02
   3.8058853e+02   6.9722028e+02
   1.2405556e+02   1.7619895e+03
   1.0878640e+03   2.6314520e+02
   5.5430096e+02   1.0231983e+03
   1.1145962e+03   9.7574377e+02
   7.4567505e+02   5.3361816e+02
   1.4865038e+03   1.3138711e+03
   3.6344434e+02   1.3107756e+03
   1.5214650e+03   1.0161368e+03
   9.8565399e+02   1.1381192e+02
   7.6143848e+02   4.5844241e+02
   1.9826646e+02   3.7510843e+02
   1.4797295e+03   1.8481812e+02
   7.9874078e+02   1.2065051e+03
   4.7862247e+02   6.7318561e+02
   3.5526569e+02   5.7292474e+02
   1.4198130e+03   4.1800250e+02
   1.9889148e+02   9.6045007e+02
   7.3666248e+02   1.5543810e+03
   9.0805109e+02   1.2880752e+03
   4.1091684e+02   8.2719568e+02
   8.1793994e+02   1.1059579e+03
   5.9504327e+02   3.6524161e+02
   4.7886032e+02   1.5510818e+02
   3.0769281e+02   1.1274448e+03
   1.1599554e+03   6.7903210e+02
   5.4719092e+02   2.2652948e+02
   3.5274973e+02   7.5116803e+02
   8.8782098e+02   5.0608109e+02
   1.4978949e+03   1.6269476e+03
   3.0054800e+02   1.1852626e+03
   6.5649365e+02   2.6970322e+02
   3.9831073e+02   1.6239806e+03
   8.8031207e+02   1.0424230e+03
   1.3452924e+03   1.7652902e+02
   5.3050555e+02   1.9212619e+02
   1.2325264e+03   2.0703380e+02
   1.4782970e+03   1.0553545e+03
   7.4282153e+02   4.9012460e+02
   8.8298230e+02   1.4515223e+03
   2.5961863e+01   1.6033193e+03
   7.8462274e+02   5.4233453e+02
   1.3127463e+02   1.5720872e+03
   8.8879718e+02   1.0762663e+02
   8.9003961e+02   5.0704849e+02
   1.1948757e+03   2.7206525e+02
   8.7530530e+02   1.1168331e+03
   6.7039685e+02   6.8897998e+02
   1.2396277e+03   1.6652462e+03
   1.2966736e+03   4.3663391e+02
   1.1132220e+03   7.3212103e+02
   7.5732916e+02   4.3476556e+02
   1.1267122e+03   1.1516549e+02
   7.8812012e+02   1.4566693e+03
   3.3711895e+01   1.7557017e+03
   1.1797371e+03   5.6481580e+02
   7.2331110e+02   1.2770608e+03
   1.4325812e+02   1.2837570e+03
   2.7014682e+02   1.4242883e+03
   7.2617810e+02   3.2972813e+01
   1.0635752e+03   9.4978294e+01
   1.4690784e+03   4.7769783e+01
   1.2621566e+03   1.5680089e+03
   8.1423657e+02   7.0564410e+02
   1.4597991e+03   1.6861752e+02
   1.6881436e+02   1.8526223e+03
   3.8222473e+02   6.0811603e+02
   1.1841886e+03   7.1273145e+02
   1.2271062e+03   2.0010057e+02
   1.1125396e+02   1.7640043e+03
   1.0729219e+03   1.2521318e+02
   1.0553750e+03   8.1293060e+02
   1.0688621e+03   6.5343463e+02
   8.6983026e+02   1.3172932e+03
   8.0671808e+02   6.9715015e+02
   5.4011914e+02   7.4585895e+02
   3.4590344e+02   3.5777908e+02
   7.4429584e+02   6.8257446e+02
   3.4434018e+02   5.6614569e+02
   7.2352557e+02   1.1273346e+03
   1.4152285e+03   6.2724969e+02
   2.6886057e+02   1.6771139e+03
   1.4372808e+03   4.5413712e+01
   1.2928448e+03   3.8334680e+02
   1.7963644e+02   1.7480118e+03
   3.3944333e+02   1.4156062e+03
   4.9030246e+02   6.1392212e+02
   1.4068436e+03   4.0767633e+02
   9.0331734e+01   1.6290029e+03
   9.8018604e+02   1.5492749e+03
   1.4292222e+03   1.6283516e+03
   1.1948617e+03   5.4108832e+02
   9.7696381e+02   1.1776224e+02
   1.4935961e+03   3.1198929e+01
   3.7674359e+02   8.6646655e+02
   9.7380579e+02   1.3850834e+03
   1.2686599e+03   1.6418690e+03
   1.4705882e+02   1.7421946e+03
   1.1622303e+03   9.0610883e+02
   2.5901617e+02   1.4535563e+03
   1.8925304e+02   5.3351581e+02
   1.0447933e+03   1.2883501e+03
   2.7562863e+02   1.5277853e+03
   9.6520294e+02   5.1665015e+02
   8.0192010e+02   1.3582250e+03
   1.4106527e+03   1.5189510e+02
   1.4237078e+03   1.0569617e+03
   1.3595067e+03   1.6573781e+03
   6.4945508e+02   1.4562656e+03
   1.3320159e+03   1.8898819e+02
   1.6037561e+02   1.5562129e+03
   5.6961072e+02   3.8334094e+02
   6.9018188e+02   3.2405353e+02
   1.1600302e+03   8.1480548e+02
   1.1547086e+03   1.6272075e+03
   3.4955161e+02   1.3283623e+03
   1.4383904e+03   1.5899362e+03
   1.2322986e+03   1.1418057e+03
   1.4508501e+03   1.1697355e+03
   4.0657898e+02   5.5343707e+02
   9.9991199e+02   7.7048737e+02
   7.0545825e+02   1.1140002e+03
   6.2429675e+02   1.2903120e+03
   1.2026260e+03   1.5511041e+02
   2.5724268e+02   9.5713086e+02
   7.2924664e+02   1.6289789e+03
   1.3773899e+03   1.8925783e+02
   5.2501270e+02   6.4363782e+02
   9.7541675e+02   7.4354108e+02
   8.0302191e+02   1.5273282e+03
   5.4452148e+02   3.7783502e+02
   6.2187885e+02   1.5487885e+03
   1.3903606e+03   1.6266382e+03
   9.8469696e+02   3.3690231e+02
   1.4742670e+03   2.5523970e+02
   8.7210321e+02   1.1342101e+03
   1.3193987e+02   9.4577576e+02
   1.5008248e+03   3.7274170e+01
   1.0111087e+03   1.3880586e+02
   1.2584272e+03   1.5836401e+02
   9.0809381e+02   1.7192909e+03
   1.3879752e+03   8.9586688e+02
   1.0345267e+03   7.7652899e+02
   1.3602111e+03   2.4036304e+02
   7.0791479e+02   1.1927721e+03
   3.3182285e+02   1.5238304e+03
   1.1538196e+03   8.6481549e+02
   9.1927698e+02   6.1681989e+02
   7.8428296e+02   6.8284851e+02
   1.2863013e+03   1.6558457e+03
   9.8359070e+02   7.4116943e+02
   1.4359338e+03   1.6247198e+03
   1.4038125e+03   1.6524124e+02
   5.8833844e+02   5.1735126e+02
   1.1620555e+03   7.4729352e+02
   1.4799120e+03   1.6605688e+03
   8.8901685e+02   8.9607338e+01
   1.3108597e+03   5.7183868e+02
   2.4518488e+02   7.0985211e+02
   6.3803003e+02   1.5320814e+03
   1.2028446e+03   4.4961200e+02
   9.5553827e+02   1.0059797e+03
   1.1054946e+03   1.3113568e+03
   1.2312273e+03   1.6313868e+03
   1.9422267e+02   7.3878180e+02
   6.0450073e+02   3.2159064e+02
   5.2980610e+01   7.0857568e+02
   1.4921311e+03   7.9353796e+02
   9.8549921e+02   1.1221267e+02
   1.1527899e+02   3.1863034e+02
   1.2065887e+03   8.0970807e+02
   2.3633992e+02   3.1171747e+02
   3.6522601e+02   5.0688226e+02
   1.2453223e+03   5.7917236e+01
   1.3284138e+03   1.3135916e+02
   1.5161703e+03   4.2989389e+02
   1.2956129e+03   4.2502466e+02
   1.2750823e+03   1.6661975e+03
   3.8079703e+02   7.2654669e+02
   3.1038181e+02   5.0684964e+02
   2.6409198e+02   1.6733292e+03
   5.7289496e+02   5.7432434e+02
   1.0904026e+03   1.6076094e+03
   1.2031831e+03   1.6369152e+03
   1.9037721e+02   3.2207663e+02
   1.3457310e+03   1.2360752e+03
   1.1711578e+03   5.4137250e+02
   1.2595739e+03   6.5777606e+02
   2.2232896e+02   8.1373132e+02
   8.9632037e+02   1.3558479e+03
   6.3914642e+02   1.4446194e+03
   8.1370465e+02   4.9490363e+02
   5.0181439e+02   7.9974236e+01
   3.4593939e+02   3.2697012e+02
   3.3202689e+02   5.9108087e+02
   3.6107541e+02   5.7392975e+02
   5.2824823e+02   7.9248224e+02
   3.3976437e+02   5.5017816e+02
   7.7797711e+02   5.7576331e+02
   7.1761670e+02   1.3025331e+03
   5.2961786e+02   7.9957098e+02
   1.3872850e+03   6.9719749e+01
   1.2617907e+02   1.0898977e+03
   1.2562913e+03   8.6405145e+02
   1.0557183e+03   1.1935093e+02
   4.9377524e+02   1.5169308e+03
   1.4568761e+03   8.7906683e+02
   6.3545331e+02   8.3827014e+02
   1.0586233e+03   6.5350470e+02
   4.9232126e+02   6.0487225e+02
   1.4821458e+02   9.1690991e+02
   8.8441516e+02   1.4546429e+03
   1.9830569e+02   1.7473236e+03
   2.8648401e+02   1.4202261e+03
   3.5834586e+02   6.8529889e+02
   1.0190252e+03   5.3702484e+02
   7.9384302e+02   2.9927261e+02
   1.1865948e+03   1.6725408e+03
   6.6531030e+02   2.2837120e+02
   3.7674107e+01   1.4912086e+03
   4.6778674e+02   1.3355135e+03
   8.7809677e+01   1.5735583e+03
   1.2711987e+03   3.7488693e+02
   1.0070380e+02   9.5502972e+02
   3.6280426e+02   2.0675060e+02
   1.1507477e+02   1.6741019e+03
   9.6180768e+02   1.1539626e+02
   1.1293613e+02   8.2564545e+02
   1.2647527e+02   8.6763782e+02
   5.7368945e+02   6.0198523e+02
   1.0989342e+03   1.4304312e+03
   1.2911772e+03   1.4054602e+02
   1.2149114e+02   1.5315822e+03
   7.4290887e+02   6.8055908e+02
   1.3744216e+03   7.7786481e+02
   1.0600284e+03   1.6142003e+03
   1.1423347e+03   7.6892249e+02
   2.0828230e+02   8.0919879e+02
   1.1571736e+03   1.5703411e+03
   1.0555070e+03   1.4595552e+02
   1.3021486e+03   6.9587805e+02
   1.3546742e+03   1.1372285e+03
   2.7940097e+02   1.2348503e+03
   9.9667517e+02   3.8569278e+02
   8.0220392e+02   1.5555996e+03
   7.0058006e+01   7.3800903e+02
   8.8194495e+02   1.1159099e+03
   1.2899474e+03   1.3784769e+02
   2.7040063e+02   1.9126335e+02
   6.8358148e+02   1.8711765e+03
   1.1391088e+03   1.0051209e+03
   1.2928177e+03   6.6986768e+02
   1.1773397e+03   4.3015930e+02
   9.8040021e+02   1.3678826e+03
   1.3270564e+03   1.7928748e+02
   1.0835283e+03   1.4439435e+03
   1.3799463e+03   1.8878461e+02
   3.3579846e+02   7.0064581e+02
   6.7013623e+02   6.4821594e+02
   6.7730328e+02   5.9793396e+02
   6.2183264e+02   5.6166211e+02
   7.6254890e+01   5.8144623e+02
   1.0090935e+03   1.0728472e+02
   2.8895255e+02   5.8305646e+02
   1.1761697e+03   9.7897998e+02
   1.3882212e+03   8.1355682e+01
   8.8594012e+02   1.2880912e+03
   1.2759083e+03   9.4555579e+02
   1.0736931e+03   7.7640002e+02
   8.7999945e+02   5.4444916e+02
   1.2910309e+03   3.2154819e+02
   1.5077059e+03   1.6756388e+03
   1.5385904e+02   1.1572943e+03
   7.9641193e+02   1.0112946e+03
   2.5008592e+02   8.6124860e+02
   1.4508031e+03   6.5429462e+02
   1.2976993e+03   1.4249973e+03
   7.0731006e+02   1.4588242e+03
   1.3019213e+03   5.1149554e+02
   1.2909614e+03   6.7621625e+02
   3.9461063e+02   1.7242461e+03
   6.4575543e+02   1.4708577e+03
   1.1126774e+03   1.4368988e+03
   1.1028411e+03   1.6111636e+03
   1.0578827e+03   8.6384839e+02
   1.2843623e+03   8.7843695e+02
   1.1150228e+03   6.2852838e+02
   1.1312299e+03   7.2393726e+02
   2.0190462e+02   7.6537897e+02
   7.2311005e+02   1.0300629e+03
   3.0339111e+02   5.5087756e+02
   8.3101648e+02   5.7936224e+02
   8.2795923e+02   1.5537443e+03
   8.1743939e+02   4.0614172e+02
   1.4135962e+03   4.3611209e+02
   9.8272957e+01   5.5184491e+02
   5.4585461e+02   5.8338873e+02
   1.1816631e+03   7.5668408e+02
   8.9015955e+02   5.4244128e+02
   1.2770554e+03   4.0895163e+02
   7.6884247e+02   5.4590302e+02
   6.8018379e+01   1.4156780e+03
   9.7882831e+02   7.2027527e+02
   1.2080848e+03   3.9936346e+02
   4.1249066e+02   5.8076184e+02
   8.3534369e+02   5.8583063e+02
   1.0746582e+03   1.2853208e+03
   2.8042996e+02   9.6050110e+02
   9.7711877e+02   3.2023712e+02
   1.3575618e+03   1.1129609e+03
   1.3522910e+03   1.1899379e+03
   6.6055975e+02   5.9505676e+02
   1.0147441e+03   1.7359349e+02
   5.3402698e+02   1.8725407e+02
   5.7576544e+02   5.1381415e+02
   1.3332164e+03   1.6346208e+03
   1.3298099e+02   9.1067633e+02
   1.4334730e+03   1.6281835e+03
   2.8009949e+02   7.8569800e+02
   1.4339330e+03   1.5821409e+03
   1.3278319e+03   1.5960037e+03
   1.1793541e+03   1.6584678e+03
   8.8176044e+02   1.2838115e+03
   7.2136938e+02   1.5584088e+03
   8.2742334e+02   1.1901477e+03
   4.7169962e+02   7.7069952e+02
   8.7859827e+02   1.4476051e+03
   1.1971245e+03   9.3202362e+02
   8.8698511e+02   1.4348363e+03
   1.1712660e+03   6.8588635e+02
   8.2027576e+02   1.3748269e+03
   1.2655164e+03   6.9195331e+02
   4.9499445e+02   6.5627057e+02
   8.5452339e+01   1.5409321e+03
   7.7730481e+02   1.0613636e+03
   9.9768073e+02   1.3668199e+03
   1.3057047e+03   4.4993677e+02
   1.1792598e+03   3.8925751e+02
   1.3240187e+03   1.6581233e+03
   1.0597697e+03   6.0363660e+02
   5.4699164e+02   5.8259052e+02
   9.5413635e+02   1.2888723e+03
   2.8201141e+02   9.9786292e+02
   9.0534277e+02   5.1604791e+02
   2.6412164e+02   1.5513026e+03
   2.9386322e+02   7.3332684e+02
   1.1896281e+03   1.5983927e+03
   1.0515608e+03   1.0442418e+03
   1.2119504e+03   1.6672142e+03
   2.3991008e+02   6.7274847e+02
   5.4245538e+02   1.9963773e+02
   1.8658411e+02   1.7382202e+03
   1.1554683e+03   1.6598043e+03
   4.0793338e+02   1.6459208e+03
   3.2590881e+02   2.8600998e+02
   1.0232479e+03   6.5508453e+02
   6.5691443e+02   4.9888968e+02
   1.4750304e+03   1.0562985e+02
   3.4355240e+02   3.0063022e+02
   9.8507367e+02   1.2889290e+03
   3.4411719e+02   1.4005182e+03
   5.7060083e+02   3.5786890e+02
   7.5288000e+02   6.8451447e+02
   6.9161749e+02   4.4615854e+02
   8.1231799e+02   1.1282343e+03
   1.2866228e+03   3.2019827e+02
   8.1749152e+02   1.1280452e+03
   1.2248934e+03   2.7914108e+01
   4.9624802e+02   9.7646680e+02
   5.8456409e+02   5.6347681e+02
   7.7579523e+02   6.4970593e+02
   4.9544916e+02   5.8812048e+02
   1.1468970e+03   1.7534027e+02
   1.2920511e+03   1.4542029e+02
   1.3588095e+02   1.7477863e+03
   9.3243768e+02   5.0148999e+02
   1.1105579e+03   7.3660394e+02
   1.1041140e+03   1.0746384e+03
   1.5002137e+03   9.4205818e+01
   8.1125885e+02   1.3681085e+03
   5.9460596e+02   5.5518878e+02
   1.4366356e+03   5.8178137e+02
   9.0611230e+02   5.5904816e+02
   3.1662375e+02   1.3499076e+03
   3.7525943e+02   1.2150481e+03
   8.8101306e+02   4.8858582e+02
   6.7492871e+02   5.9745929e+02
   1.4891771e+03   1.7420958e+02
   1.4989138e+03   6.6838760e+01
   1.0020345e+03   6.4412958e+02
   1.5118409e+03   3.8397653e+02
   9.0352612e+02   1.0057086e+03
   4.0954816e+02   2.8929034e+02
   1.5058696e+03   2.6291321e+01
   2.2596645e+02   9.0712616e+02
   4.8467859e+02   5.8036304e+02
   2.1138120e+02   7.5120905e+02
   6.3963574e+02   1.3538984e+03
   7.5751793e+01   1.7266521e+03
   6.0670874e+02   4.9754907e+02
   1.1591635e+03   8.8050269e+02
   8.3177118e+02   4.6721249e+02
   4.1458655e+02   5.7497968e+02
   9.5612537e+02   5.1643927e+02
   2.3809671e+02   1.0210600e+03
   2.3871239e+02   6.7349414e+02
   8.7768921e+02   1.1957660e+03
   9.9509686e+02   9.7221809e+01
   1.3492505e+02   8.9537067e+02
   1.0144390e+03   5.0811089e+01
   3.7001065e+02   5.9450586e+02
   9.7915613e+02   1.2882244e+03
   3.5107111e+02   7.3025012e+02
   1.5239910e+03   1.3077288e+03
   2.1297987e+02   1.5023804e+03
   5.0480151e+02   5.5039923e+02
   1.0344945e+03   5.5709082e+02
   2.5779425e+02   1.4692886e+03
   4.6354282e+02   9.7885962e+02
   1.2655568e+03   4.0908264e+02
   6.5601038e+02   4.7904340e+02
   3.7522180e+02   1.2574396e+03
   1.4605925e+03   1.3425353e+03
   7.8603101e+02   1.3705447e+03
   1.0775817e+03   1.2102876e+03
   1.4536541e+03   1.3471543e+03
   4.1599493e+02   5.6526154e+02
   6.5100659e+02   1.3594376e+02
   1.3763884e+03   4.6072876e+01
   8.0993073e+02   3.2061575e+02
   4.1353757e+02   5.7515918e+02
   5.5296088e+02   1.0802213e+03
   8.0838855e+02   5.8787592e+02
   6.6534778e+02   3.3303458e+02
   6.6818457e+02   7.3600061e+02
   1.1571151e+03   7.6124860e+02
   8.8269946e+02   8.3288538e+02
   8.0065942e+02   6.3673218e+02
   1.2838929e+03   9.4359711e+02
   9.8048828e+02   1.2985851e+02
   1.5048781e+03   1.5957329e+02
   1.0844636e+03   9.9393109e+02
   1.1426406e+03   7.2634467e+02
   1.0842336e+02   5.2379999e+02
   1.3519376e+03   1.3280327e+03
   1.5194270e+03   1.6749702e+03
   1.0138281e+03   1.6724430e+03
   1.5155459e+03   5.3597913e+02
   1.0664202e+03   1.1126577e+03
   1.2250814e+03   1.6737756e+03
   6.8095685e+02   1.5663620e+02
   1.0541395e+03   6.1317822e+02
   5.0366000e+02   5.5833148e+02
   1.1591664e+03   2.4996947e+02
   8.7951996e+01   1.6759318e+03
   1.1779874e+03   3.1945123e+02
   1.0812788e+03   1.3142283e+03
   5.6677637e+02   5.9985785e+02
   1.0625386e+03   1.1172610e+02
   7.1859460e+02   1.4443589e+03
   1.1780029e+03   8.2805298e+02
   8.7029553e+02   1.7361444e+03
   4.6543812e+01   9.9214038e+02
   8.4213446e+02   5.0514368e+02
   8.0379663e+02   9.9482562e+02
   1.1557870e+03   1.6441182e+03
   4.7843268e+02   6.6564783e+02
   2.0842053e+02   9.5305646e+02
   1.2382910e+03   1.0045220e+03
   1.3695298e+03   9.4364296e+01
   8.1955896e+02   1.2738591e+03
   1.4830211e+03   1.4594194e+03
   7.2158301e+02   4.9750443e+02
   1.1124078e+03   9.9240961e+02
   1.4425179e+03   1.0717396e+03
   1.2858525e+03   3.3610092e+02
   8.2773334e+02   1.3661000e+03
   3.7502167e+02   1.2781744e+03
   1.3876471e+03   4.3792148e+02
   7.7562340e+01   1.7473771e+03
   5.5177356e+02   7.2970215e+02
   9.7337708e+02   1.3499176e+03
   1.1026876e+03   1.3257563e+03
   1.2417245e+03   8.2206329e+02
   4.5103384e+02   3.4994882e+02
   9.5952431e+01   5.3613690e+02
   1.5869205e+01   1.6173978e+03
   1.1137087e+03   6.2797888e+02
   5.8862421e+02   6.5713361e+02
   2.0583740e+02   1.7649492e+03
   5.7067822e+02   6.8372778e+02
   3.1935208e+02   1.4012300e+03
   8.9829938e+02   1.0131260e+03
   1.1068807e+03   1.3262488e+03
   1.0841202e+03   1.4755463e+03
   1.4396886e+03   1.4095734e+03
   1.0717218e+03   3.2391101e+02
   3.8276541e+02   5.9834265e+02
   7.3348138e+02   5.8473547e+02
   7.5242218e+01   1.6396707e+03
   3.5504492e+02   1.7954879e+03
   1.4725834e+03   1.1706364e+03
   1.1537117e+03   1.2256875e+02
   1.3688663e+03   1.6325001e+03
   1.4508915e+03   1.1656588e+03
   5.5049817e+02   4.4633035e+02
   1.0917234e+03   1.4670999e+03
   7.0125159e+02   1.4503389e+03
   3.6579330e+02   5.0337848e+02
   9.2003876e+02   9.9782953e+02
   1.1651835e+03   1.7330452e+02
   1.0781495e+03   1.1170477e+03
   9.2447522e+02   7.1972919e+02
   1.2081652e+03   6.8694086e+02
   7.9305035e+02   1.3697284e+03
   8.1524121e+02   5.5377454e+02
   1.6845200e+01   1.7016136e+03
   1.1185684e+03   1.0343634e+03
   1.0933389e+03   1.3666571e+03
   5.2192135e+01   1.4508059e+03
   3.5677161e+02   9.5921875e+02
   1.3026591e+03   1.6714462e+03
   9.8338910e+02   7.2782458e+02
   9.0532886e+02   1.0593375e+03
   8.3630188e+02   4.8319492e+02
   3.2207974e+02   6.2927435e+02
   8.8135571e+02   1.3680642e+03
   4.5223782e+02   3.5580133e+02
   1.2003260e+03   6.8837329e+02
   7.5927618e+02   5.1346198e+02
   1.4909204e+03   1.5255692e+03
   1.4727934e+02   1.5800787e+03
   6.7150764e+01   8.8813214e+02
   6.5730432e+02   3.1228998e+02
   6.6303058e+02   9.9450537e+02
   8.7861725e+02   3.3539838e+02
   9.4105780e+02   2.8766400e+02
   1.2035498e+03   9.4259436e+02
   4.3316446e+02   9.6935016e+02
   1.2234012e+03   1.0039601e+03
   2.6035089e+02   1.6726594e+03
   1.4016228e+03   1.1510051e+03
   7.9218677e+02   3.3261615e+02
   1.4772816e+03   2.0890955e+02
   1.2796636e+03   3.4013269e+02
   7.4913904e+02   3.9469739e+02
   1.4993125e+03   4.7005392e+02
   2.8037717e+02   6.0147119e+02
   1.1533131e+03   1.2191344e+02
   8.2284583e+02   1.0117681e+03
   1.1582783e+03   1.3666440e+02
   7.2081512e+02   8.1024493e+02
   4.4206061e+02   2.0579243e+02
   5.4258887e+02   7.6842737e+02
   1.4192877e+03   9.7371362e+02
   1.4589167e+03   1.2639662e+03
   9.1718620e+01   3.3048843e+02
   6.6904156e+02   7.3876410e+02
   1.1137679e+03   1.2694227e+03
   1.0584996e+03   6.0524261e+02
   9.5729492e+02   1.0003270e+03
   1.2240460e+03   8.5463281e+02
   1.2986514e+03   2.8757956e+02
   1.2558373e+02   8.9779285e+02
   2.1743608e+02   7.4533356e+02
   3.7993076e+02   1.1210847e+03
   2.3189928e+02   9.0048059e+02
   7.2195154e+02   5.3710425e+02
   6.0694983e+02   1.3097445e+03
   7.2378729e+02   1.4840707e+03
   6.8456683e+02   3.5250397e+02
   1.4877469e+03   6.4202286e+01
   1.3043472e+03   1.1180863e+03
   1.3842086e+03   1.6095493e+03
   8.3537964e+02   1.5407686e+03
   1.4525444e+03   6.5453711e+02
   5.8991681e+02   2.5322873e+02
   1.3313544e+03   1.6954321e+03
   8.3355676e+02   3.3915421e+02
   1.3885022e+03   1.6071326e+03
   7.8162598e+02   2.8684818e+02
   1.3983505e+03   1.7800415e+03
   5.7084955e+02   6.3991766e+02
   6.1768866e+02   1.2727711e+03
   8.0339398e+02   1.5243944e+03
   7.5154675e+02   7.0772083e+02
   1.3762026e+03   1.4984347e+03
   1.2999265e+03   3.7559180e+02
   8.0116602e+02   1.2550781e+03
   2.1648087e+02   1.0951962e+03
   1.4094557e+03   1.4011158e+03
   1.2311930e+03   4.9259851e+02
   6.4538654e+02   1.0959869e+03
   6.6200458e+02   2.9600073e+02
   3.3298193e+02   1.1851267e+03
   1.5154411e+02   1.4303159e+03
   8.8722852e+02   1.5158323e+03
   1.5055396e+03   3.4960406e+02
   1.3007648e+03   1.6934331e+03
   2.9034702e+02   1.2013583e+03
   1.4006754e+03   1.6920305e+03
   7.2844110e+02   1.2032614e+03
   1.1098064e+03   4.6518942e+02
   3.2527826e+02   3.3028958e+02
   1.1401552e+03   8.6298267e+02
   1.1996399e+03   9.9574420e+02
   3.6782895e+02   1.3669192e+03
   8.9596173e+02   1.4402090e+03
   1.2539406e+03   9.8961108e+02
   1.1088323e+02   7.7972339e+02
   7.6105804e+02   3.2364584e+02
   1.3949734e+03   1.1277874e+03
   1.3216842e+03   1.6602128e+03
   3.0063194e+01   1.5186980e+03
   7.0489447e+02   1.5418987e+03
   1.3091493e+03   1.6449854e+03
   1.1109686e+03   1.2100981e+03
   9.8324438e+02   1.6013909e+03
   9.9911530e+02   4.8412448e+02
   9.2541333e+02   5.0210071e+02
   9.7985577e+02   1.0650552e+03
   6.2100989e+02   1.6468462e+03
   1.6983763e+02   1.5639689e+03
   6.0667242e+02   6.6668915e+02
   4.1287799e+02   5.8717950e+02
   1.1124524e+03   6.3110907e+02
   1.2743269e+03   1.6733047e+03
   1.1146952e+03   1.5084393e+03
   2.5207944e+02   1.6873536e+03
   7.0190375e+02   5.2760651e+02
   1.9566266e+02   3.2899149e+02
   8.0223938e+02   1.3552024e+03
   1.4084061e+03   8.4731270e+01
   4.1148450e+02   5.8602753e+02
   1.1800946e+03   7.3855688e+02
   9.7120447e+02   5.4042664e+02
   1.2099844e+03   7.1784973e+02
   7.0267969e+02   7.1080304e+02
   8.1023608e+02   6.9626740e+02
   1.0987456e+03   1.2602808e+03
   6.7636646e+02   2.8979556e+02
   2.5313455e+02   1.6839972e+03
   1.0414524e+03   5.4757764e+02
   2.1512173e+02   7.8828766e+02
   2.8497333e+02   1.4811205e+03
   2.4697160e+02   8.8476147e+02
   1.4038115e+03   3.7049487e+02
   1.3903585e+03   1.3941475e+03
   6.9319049e+02   4.9628818e+02
   5.5480597e+02   8.0909949e+02
   8.5739081e+02   1.0602694e+03
   9.0425549e+02   5.4828369e+02
   8.3536823e+02   4.2424118e+02
   2.6305279e+01   1.5123740e+03
   6.9827869e+02   1.0544539e+03
   7.3666144e+02   1.0284564e+03
   3.1999615e+02   5.6131299e+02
   1.4034171e+03   3.6929681e+02
   1.0573969e+03   6.0520862e+02
   7.0667188e+02   1.5458101e+03
   9.6108551e+02   1.0398004e+03
   1.4493286e+03   1.2014972e+03
   1.2568615e+03   8.1302307e+02
   4.3581937e+02   9.9053638e+02
   1.3121798e+03   1.6583147e+03
   7.7447723e+02   1.8250082e+03
   1.4588121e+03   1.2563267e+03
   2.3914880e+02   1.7163694e+03
   1.2380950e+03   1.6026660e+03
   5.6217810e+02   1.5508170e+03
   8.2182385e+02   1.5266361e+03
   1.1038180e+03   9.0920111e+02
   9.2152246e+02   1.0606598e+03
   7.0586450e+02   1.5321942e+03
   8.4341901e+02   1.2635110e+02
   1.2072013e+03   8.8668781e+02
   9.4266620e+02   1.0444081e+03
   6.1918048e+02   1.5479854e+03
   5.7484216e+02   8.8221619e+02
   5.3111029e+02   2.6781485e+02
   7.2862170e+02   7.0197333e+02
   8.5257550e+02   4.7908792e+02
   2.4903049e+02   5.2176917e+02
   1.2424363e+03   1.2302810e+03
   3.1314032e+01   1.6843700e+03
   1.0013406e+03   1.4841476e+02
   1.3931700e+03   7.5138069e+01
   1.1612898e+03   6.0439392e+02
   1.3470697e+03   4.9117239e+02
   1.4237646e+03   9.8427161e+02
   5.9193213e+02   7.0322784e+02
   6.8029639e+02   1.6581322e+02
   8.3366058e+02   1.5391053e+03
   7.1705762e+02   1.5591460e+03
   8.0018054e+02   2.7625586e+02
   3.9628568e+02   1.6301395e+03
   2.6246387e+02   1.6616646e+03
   3.7223050e+02   8.4607916e+02
   3.0575327e+02   4.9904971e+02
   7.6879596e+02   9.9942981e+02
   1.7326384e+02   6.2089801e+02
   6.8350085e+02   1.0534565e+03
   7.4804144e+02   5.0773819e+02
   1.4775104e+03   1.6857727e+03
   8.2077258e+02   5.3642523e+02
   1.1190708e+03   7.0748969e+02
   6.6076675e+01   9.9368097e+02
   1.1449403e+03   1.6555222e+03
   2.3012392e+02   8.9623773e+02
   1.6827548e+02   1.4879843e+03
   6.6056195e+02   1.4708820e+03
   4.0876030e+01   7.5676544e+02
   3.2090756e+02   1.5067802e+03
   1.2092413e+03   7.5747839e+02
   1.1697251e+03   6.5501392e+02
   7.8624371e+02   6.4172583e+02
   8.3236780e+02   1.4528066e+03
   1.2596056e+03   1.4215786e+03
   1.2128884e+03   1.6147352e+03
   1.0867356e+03   1.1843361e+03
   1.4732780e+03   1.6922723e+03
   1.1021398e+03   1.5661134e+03
   1.1828441e+03   5.4271893e+02
   1.0811862e+03   6.3582251e+02
   1.5269388e+02   8.2390332e+02
   6.1364002e+01   1.4570153e+03
   5.3057697e+02   1.2577864e+03
   3.1299158e+02   1.6502813e+03
   8.4426697e+02   4.4965561e+02
   1.2767688e+03   1.0355887e+03
   1.1981713e+03   1.6140454e+03
   7.7748987e+02   6.8907587e+02
   5.7134570e+02   2.9468295e+02
   1.7330554e+02   6.1815167e+02
   1.4742209e+03   1.1709495e+03
   1.4351519e+03   1.0955206e+03
   7.4850018e+02   5.8105188e+02
   1.4081163e+03   9.7016052e+02
   1.4368868e+03   8.8482660e+02
   2.3048044e+02   8.8910968e+02
   6.7290718e+01   8.4554840e+02
   7.9143848e+02   1.2684805e+03
   1.2509659e+03   1.3684072e+03
   1.0923711e+03   1.3877933e+03
   7.2311078e+02   1.3530632e+03
   8.7454742e+02   1.3920162e+03
   9.8707977e+02   1.4499242e+03
   1.4061339e+03   1.4102654e+03
   1.5031035e+02   1.7700701e+03
   8.0282635e+02   6.1352985e+02
   1.4478038e+03   1.1209388e+03
   8.0668201e+02   5.0200198e+02
   1.1814521e+03   4.5234903e+02
   1.3074349e+03   1.6444161e+03
   1.1820940e+03   1.0676689e+03
   1.4506843e+03   2.0797865e+02
   9.0418274e+02   1.1158180e+03
   7.2366565e+02   1.3605165e+03
   1.0873887e+03   1.2313292e+03
   8.7717278e+01   1.2225398e+03
   1.8619739e+02   6.0105255e+02
   8.3842761e+02   1.5386365e+03
   7.3126392e+02   1.0059604e+03
   2.2357921e+02   7.6572308e+02
   9.0351324e+02   1.1185400e+03
   1.4478396e+03   1.4769248e+03
   1.3775703e+03   9.0204321e+02
   1.4009290e+03   1.6947192e+03
   2.2100481e+02   7.4322089e+02
   8.4301569e+02   4.7284290e+02
   5.8076763e+01   9.9624286e+02
   1.0946095e+03   1.5011882e+03
   9.7779584e+02   7.6088641e+02
   6.8418860e+02   1.0513569e+03
   2.9124841e+02   7.5980719e+02
   9.2180042e+02   7.5380103e+02
   9.9098016e+02   1.5335038e+03
   7.9743790e+01   1.4138293e+03
   1.4029622e+03   1.6238734e+03
   4.7277249e+02   1.1653795e+03
   9.3889056e+02   1.0072737e+03
   1.1959120e+03   9.1729059e+02
   1.4114778e+03   4.3965793e+02
   1.3565837e+03   1.6669800e+03
   2.0040408e+02   1.6707479e+03
   4.6723694e+01   5.5598224e+02
   1.3935399e+03   7.7098969e+02
   5.6229939e+01   5.4639819e+02
   9.0602417e+02   1.3650229e+03
   8.7797998e+02   5.7378308e+02
   9.7346527e+02   1.5325302e+03
   6.7962939e+02   7.2778979e+02
   3.3665625e+02   1.4141593e+03
   1.1530402e+02   1.5067832e+03
   1.3898979e+03   9.4128693e+02
   6.3214355e+02   1.5596768e+03
   1.3049446e+03   1.6860057e+03
   6.6819275e+02   1.2996664e+03
   8.2784662e+02   6.4520386e+02
   1.2647694e+03   1.6678666e+03
   1.4497195e+03   1.2052515e+03
   3.1403531e+02   5.9125256e+02
   1.0342249e+03   1.2092151e+03
   1.0407960e+02   1.6770776e+03
   9.9513470e+02   3.9191473e+02
   9.9367670e+02   1.5361156e+03
   1.5776332e+02   1.5743202e+03
   2.2775003e+01   1.7311252e+03
   3.6143408e+02   1.1045829e+03
   1.0245452e+03   5.5438098e+02
   9.3756262e+02   1.1452883e+03
   8.3177818e+01   1.5645469e+03
   1.2253962e+03   6.5861191e+01
   3.1793845e+02   1.3845570e+03
   1.1666838e+03   1.6667777e+03
   1.4806370e+03   1.0587721e+03
   2.7915955e+02   1.6046759e+03
   1.1078822e+03   1.3091840e+03
   1.1506290e+03   1.3104435e+03
   1.1349084e+02   3.0806284e+02
   1.2222112e+03   1.5889867e+03
   4.4509940e+02   2.0585045e+02
   1.4838785e+03   4.0760563e+01
   7.3535852e+02   1.5405374e+03
   1.4284392e+03   1.0937324e+03
   1.1039303e+03   1.1951399e+03
   1.2577505e+03   8.1790381e+02
   6.9546503e+02   1.4483116e+03
   1.5116624e+03   6.1913202e+02
   9.7911139e+02   4.4819931e+02
   1.2820184e+03   1.4989740e+03
   5.1634666e+01   8.0862994e+02
   1.2799254e+03   1.4876971e+03
   1.4407660e+03   1.2588243e+03
   4.1983490e+02   4.1753293e+02
   2.1290993e+02   3.6305630e+02
   1.1034988e+03   9.0430963e+02
   1.1013887e+03   1.5030160e+03
   1.3894326e+03   1.5840121e+03
   1.4055637e+03   5.1514008e+02
   5.5495453e+02   4.8545309e+02
   8.4176666e+02   1.1374546e+03
   5.4187103e+02   1.3973289e+03
   1.3341843e+02   1.2897778e+03
   2.1950797e+02   3.9633582e+02
   1.1710923e+03   2.9144165e+02
   1.5048694e+03   1.6597881e+03
   1.1568026e+02   1.5887921e+03
   9.7118536e+02   4.6293344e+02
   8.7951477e+02   1.2727341e+03
   8.2222021e+02   1.5287435e+03
   1.2735551e+03   6.5971143e+02
   8.0486230e+02   1.6825354e+03
   1.3009808e+03   1.6660026e+03
   9.6544385e+02   1.5362428e+03
   8.9947925e+02   1.4354874e+03
   8.2687640e+02   1.4678081e+03
   7.1336395e+01   9.8384375e+02
   9.4572180e+02   9.8549268e+02
   3.0674585e+02   4.9589432e+02
   7.7126263e+02   1.2174714e+03
   1.4858623e+03   6.3721570e+02
   2.9562268e+02   4.0776514e+02
   7.8840997e+02   9.1429565e+02
   1.4691337e+03   1.0909649e+02
   1.5160017e+03   1.2473549e+02
   1.4590521e+03   8.7504999e+02
   8.6546951e+01   1.2268062e+03
   8.3336371e+02   1.5428495e+03
   8.7155304e+01   1.5651466e+03
   9.1474133e+02   1.6231288e+03
   7.2581635e+02   8.3676294e+02
   4.5615463e+02   1.6026646e+01
   2.4888383e+02   6.4765405e+02
   1.3774960e+02   8.8601422e+02
   4.2453885e+02   6.8722437e+02
   1.4095309e+02   1.7684771e+03
   1.4209745e+03   1.0913273e+03
   6.8550604e+02   5.4293652e+02
   1.0774631e+03   1.6541746e+03
   1.9563701e+02   6.0739752e+02
   5.0288876e+02   8.4924774e+02
   2.6503656e+02   3.6988373e+02
   9.1074817e+02   1.7356359e+03
   1.1033141e+03   1.4146667e+03
   1.4043433e+03   8.4939964e+01
   1.3971040e+03   8.1847382e+02
   3.9116052e+02   1.1253127e+03
   1.0136663e+03   1.6544297e+03
   7.8715918e+02   3.0121594e+02
   8.5035834e+02   5.6340869e+02
   1.1213615e+03   5.8067523e+02
   1.0937971e+03   1.1127676e+03
   1.4728558e+03   1.3446229e+03
   1.5228402e+03   5.1589008e+02
   6.0046527e+02   1.5682584e+03
   9.7763788e+02   5.0601202e+02
   7.5660736e+02   5.1389020e+02
   1.1962760e+03   1.6320869e+03
   7.9538184e+02   1.6328928e+03
   1.5029648e+03   4.2415811e+02
   7.4852930e+02   1.5640560e+03
   6.9626990e+02   1.1292043e+03
   1.5994286e+02   8.1493036e+02
   4.3990060e+02   6.8793988e+02
   9.6759741e+02   1.4487985e+03
   8.0083466e+02   9.5542810e+02
   1.4563165e+03   1.5133666e+03
   1.5168230e+03   1.2346376e+02
   6.3896637e+02   1.5611207e+03
   8.0324854e+02   9.7021851e+02
   2.2291982e+02   5.6327478e+02
   7.4758655e+02   1.4829132e+03
   3.3008630e+02   1.6211208e+03
   4.1068735e+02   2.9930966e+02
   2.6557980e+02   5.1428131e+02
   1.4610638e+03   2.9918379e+01
   5.3041046e+02   3.1751801e+02
   1.1311224e+03   3.6265024e+02
   1.4125420e+03   5.9928290e+02
   1.0253506e+03   1.0955872e+02
   1.4439502e+02   1.2875955e+03
   1.3783962e+03   5.6861279e+02
   1.3568600e+03   2.2801031e+02
   3.4917355e+02   1.3851681e+03
   1.1073654e+03   1.3448024e+03
   1.4801603e+03   9.5603375e+02
   8.0604224e+02   6.4470819e+02
   1.2578739e+03   1.3946923e+03
   8.7003717e+02   1.2145734e+03
   6.1437048e+02   1.0513341e+03
   4.3007635e+02   4.1739020e+02
   1.1289103e+03   1.3368665e+03
   8.0245428e+02   9.5078400e+02
   5.9884540e+02   1.5735322e+03
   1.4108402e+03   1.3688841e+02
   9.4688574e+02   1.0006343e+03
   1.4566046e+03   1.3792814e+03
   1.0668414e+03   1.1273011e+03
   3.4082086e+02   1.7641316e+03
   3.2331442e+02   7.4318170e+02
   2.2179913e+02   1.5588285e+03
   7.8013837e+02   1.5636609e+03
   6.0029565e+02   6.7042053e+02
   1.2650332e+03   5.6759790e+02
   4.0768246e+01   1.6610453e+03
