   1.3742990e+03   1.4755627e+03
   6.1464172e+02   1.1943314e+02
   5.7072900e+02   1.2974164e+02
   4.8790018e+02   1.4622153e+02
   1.2600621e+03   9.5460712e+02
   1.4405214e+03   1.2030173e+03
   1.2007064e+03   1.5518236e+03
   1.1010808e+03   2.8053329e+02
   4.5261649e+02   9.8224792e+02
   3.1333188e+02   8.8112976e+02
   1.0105714e+03   2.4607640e+02
   5.1156363e+02   8.2828284e+02
   1.3871930e+03   2.3740428e+02
   5.1615173e+02   1.0078341e+03
   3.5254010e+02   2.8762604e+02
   1.0456713e+03   7.7475792e+01
   3.2633807e+02   2.3078449e+01
   1.3043727e+03   1.2042688e+03
   2.7894342e+02   3.2832237e+01
   4.2254584e+02   8.2250403e+02
   1.2912419e+03   1.2049128e+03
   4.5468207e+02   6.9547491e+02
   2.9535645e+02   8.7898047e+02
   1.7740628e+02   9.1847374e+01
   1.2607717e+03   1.5554318e+03
   1.1161226e+03   1.5069584e+03
   3.5926718e+02   6.1623970e+01
   1.1161226e+03   1.5069584e+03
   1.4170900e+03   9.9972455e+02
   4.9598520e+02   6.1021008e+02
   1.0488317e+03   1.0882301e+02
   1.0607306e+03   1.5529651e+03
   1.2535299e+03   3.4570908e+02
   1.0940209e+03   1.0545173e+03
   1.3043727e+03   1.2042688e+03
   5.4072565e+02   6.6587817e+02
   9.9546375e+02   8.1661018e+01
   1.2000464e+03   1.5768466e+03
   3.1711237e+02   2.5025900e+02
   1.0392791e+03   6.1921162e+01
   1.2289921e+03   1.4983752e+03
   1.0491921e+03   1.5540627e+03
   7.1461749e+02   1.4054868e+02
   4.4185690e+02   8.3645837e+02
   1.0419063e+03   1.5554329e+03
   1.1423217e+03   1.5333922e+03
   1.6327371e+02   8.6477905e+02
   1.1298303e+03   1.0323366e+02
   1.0349181e+03   4.3504505e+01
   1.0519854e+03   1.6768927e+02
   1.2622095e+03   1.0409186e+03
   3.4940338e+02   1.4220686e+03
   3.5741629e+02   1.4345303e+03
   1.4408347e+03   4.2895322e+02
   4.5949411e+02   1.5818647e+03
   1.2531410e+03   1.5319447e+03
   4.0224045e+02   1.2288878e+03
   1.1683383e+03   1.3792677e+02
   1.3477909e+03   1.1464540e+03
   3.9997235e+02   8.4366455e+02
   3.4017886e+02   1.6161089e+03
   1.4339103e+03   3.3357419e+02
   6.5342609e+02   1.5436968e+01
   1.3643944e+03   1.2151773e+02
   1.3475785e+03   3.8015341e+02
   1.1441390e+03   1.5741199e+03
   8.0590881e+02   3.3519217e+02
   1.4129547e+03   5.8215198e+02
   1.4325448e+03   1.5011022e+03
   1.0916553e+03   1.5759390e+03
   3.3135562e+02   1.6333569e+03
   1.0833246e+02   8.2803418e+02
   4.6014227e+02   1.5846639e+03
   1.2616707e+03   1.5765012e+03
   4.0082037e+02   8.5642194e+02
   1.2006128e+03   9.5969244e+02
   6.7736768e+02   5.3837573e+02
   4.5863641e+02   1.6349120e+03
   1.0603232e+03   1.6234827e+03
   1.2913398e+03   1.5079181e+03
   1.0767020e+03   9.0854431e+02
   2.8242838e+02   1.1703308e+03
   1.3427448e+03   5.4944366e+02
   1.0354866e+03   1.5888918e+03
   3.6672974e+02   2.0429863e+02
   1.0503724e+03   1.7486021e+02
   1.2513900e+03   9.6116736e+02
   4.9328079e+02   1.2722113e+02
   5.3447986e+02   1.1882314e+03
   1.2947401e+03   1.8778893e+02
   4.3929529e+02   8.4483514e+02
   5.6240802e+02   5.9062592e+02
   1.9396037e+02   2.1875987e+02
   1.4133534e+03   7.1880226e+01
   3.6455215e+02   1.3059703e+03
   5.7189893e+02   9.4206647e+02
   7.2452454e+02   2.5202187e+02
   3.2416180e+02   2.6223065e+02
   3.4064078e+02   1.4558881e+03
   1.0911484e+03   1.5396929e+03
   1.3034690e+03   5.0832382e+02
   4.9067264e+02   1.0597667e+02
   1.2616707e+03   1.5765012e+03
   3.7904504e+02   1.2247870e+03
   7.2064032e+02   1.5242482e+02
   6.1303851e+02   4.1331326e+02
   1.4142883e+03   7.9142807e+01
   7.1958392e+02   9.0230461e+01
   1.0057224e+02   2.2930457e+02
   8.0006012e+02   4.3358926e+02
   1.4126398e+03   1.0733426e+02
   2.6156915e+02   6.2734863e+02
   1.2204333e+03   2.2263383e+02
   3.2416180e+02   2.6223065e+02
   1.6466681e+02   3.3033865e+02
   5.9377087e+02   3.5297964e+02
   6.4339825e+02   3.9853986e+02
   1.1250608e+03   8.5593132e+01
   6.3373035e+02   5.6727856e+02
   1.1623950e+03   1.7111292e+02
   1.0694001e+03   1.6223010e+03
   1.2604031e+03   1.4441684e+02
   8.6706519e+02   3.3619974e+02
   1.0378076e+03   1.2029745e+02
   4.3220453e+02   9.2217926e+02
   6.1715936e+02   1.6028365e+03
   9.2518913e+01   1.4717263e+03
   5.5529559e+02   5.2844171e+02
   1.0550143e+03   6.3731956e+01
   1.0629064e+03   5.3391467e+02
   3.4261859e+02   1.6464442e+03
   5.3740912e+02   8.3930414e+02
   1.7064922e+02   1.7477042e+03
   1.3987047e+03   1.3063980e+02
   1.2044539e+03   1.2068810e+02
   4.8394577e+02   7.4074684e+01
   1.1823143e+03   3.9070007e+02
   4.5717087e+02   6.4746893e+02
   6.2843286e+02   1.4082632e+02
   1.3955343e+03   1.9881976e+02
   1.5716200e+02   4.0728351e+02
   3.5585364e+02   9.7043518e+02
   1.1256443e+03   5.1703595e+02
   1.1568542e+03   4.7939584e+02
   3.1891956e+02   1.5649943e+03
   1.3592548e+03   3.5550751e+02
   4.4988931e+02   1.5812075e+03
   1.0839751e+03   1.6138320e+03
   1.1758927e+03   2.3618025e+02
   1.3011179e+03   1.9707555e+02
   1.3201165e+03   8.0413501e+02
   9.4446251e+01   1.6299026e+03
   1.4404916e+03   5.6497925e+02
   1.2497826e+03   1.5646871e+03
   3.1675006e+02   1.4456578e+03
   1.0920948e+03   1.8036956e+03
   3.5815469e+02   1.2907040e+03
   1.2372883e+03   2.0951978e+02
   1.0130877e+03   2.6475296e+02
   1.1817848e+03   9.5999316e+02
   3.1283115e+02   1.6418723e+03
   5.3080555e+01   1.4468342e+03
   9.5693481e+02   1.5813326e+03
   1.4537219e+03   3.2496347e+02
   6.2776935e+02   1.4202567e+03
   5.3663275e+02   9.3901434e+02
   1.4449917e+03   8.2643030e+02
   9.1065503e+02   2.9483279e+02
   8.0398499e+02   1.5029596e+03
   6.6533585e+01   1.6726609e+03
   1.1724141e+03   1.0332482e+02
   1.0303213e+03   2.9241478e+01
   1.3647299e+03   1.3191776e+03
   3.3503113e+02   1.5889950e+03
   1.6123352e+02   3.1283243e+02
   4.9170706e+02   9.7648370e+02
   1.0360801e+03   2.2452364e+02
   6.5754633e+02   2.7806871e+01
   1.3700630e+03   1.5735090e+03
   7.2572668e+02   6.2908191e+02
   6.4130096e+02   4.5309503e+02
   1.3022904e+03   1.9968524e+02
   8.7582697e+02   1.3314994e+03
   1.0091603e+03   1.7848134e+02
   1.1719446e+03   5.0334598e+02
   1.1540176e+03   1.9911734e+02
   1.1394868e+03   1.2102076e+02
   1.2915134e+03   1.7831715e+02
   3.4419461e+02   1.6491725e+03
   1.4053793e+03   1.9794225e+02
   6.4115771e+02   6.8958752e+02
   5.5545447e+02   2.5488385e+02
   4.0839456e+02   9.1886011e+02
   6.5016681e+02   5.2217267e+02
   1.2115146e+03   1.0132070e+03
   1.3865972e+03   6.7431329e+02
   1.1609410e+03   2.1736235e+02
   4.2266232e+02   3.2932645e+02
   1.1070123e+03   1.6258602e+03
   1.4146573e+03   3.7008441e+02
   4.1435873e+02   7.7534686e+02
   1.0440612e+03   1.0519053e+03
   2.4629491e+02   1.7398923e+03
   1.3944285e+03   5.3523517e+02
   1.3046598e+03   1.5583376e+03
   6.2776935e+02   1.4202567e+03
   1.3867336e+03   9.8975720e+02
   2.4629491e+02   1.7398923e+03
   4.0240155e+02   1.2932476e+03
   7.1114264e+02   1.0681802e+03
   1.4400786e+03   2.4320537e+02
   5.8632965e+02   8.0964813e+02
   9.8585718e+02   3.1785030e+01
   1.3289231e+03   1.5971230e+03
   7.8494568e+02   1.2315479e+03
   1.1606219e+03   2.5313905e+02
   2.8473965e+02   8.8075641e+02
   1.0610119e+02   3.2325095e+02
   5.3080555e+01   1.4468342e+03
   1.1838629e+03   2.5270332e+02
   1.1248180e+02   8.7889661e+02
   1.1440970e+02   3.6398865e+02
   1.0590699e+03   1.1693896e+03
   1.1625670e+03   6.4115594e+02
   1.0561373e+03   1.1460618e+03
   1.5716200e+02   4.0728351e+02
   1.2659115e+03   8.8057703e+02
   1.0489884e+03   8.7004288e+01
   1.4113619e+03   8.7722733e+01
   5.8420789e+02   1.2724532e+02
   3.6374966e+02   1.0823766e+03
   1.2092737e+03   7.8869043e+02
   5.9197601e+02   5.7237988e+02
   1.4022642e+03   6.8097400e+02
   3.1917017e+02   1.0832777e+03
   1.2972634e+03   1.8583113e+02
   1.4126398e+03   1.0733426e+02
   4.7577136e+02   2.7906625e+02
   1.2597078e+03   1.5310710e+02
   7.1543335e+02   1.1706999e+02
   5.7690647e+01   1.3924618e+03
   1.4056387e+03   6.7261835e+02
   8.0210883e+02   1.2317020e+03
   8.8051013e+02   1.5849486e+03
   6.1303851e+02   4.1331326e+02
   3.4648856e+02   8.6728998e+02
   1.3782758e+03   6.6450873e+02
   1.3954076e+03   6.0842766e+01
   1.0366602e+03   1.0066759e+03
   1.1839811e+03   1.5351434e+03
   1.0902008e+03   9.3361835e+02
   7.2591693e+02   3.9927527e+02
   7.3243909e+02   1.6073854e+02
   1.2427355e+03   3.5361090e+02
   6.4592297e+02   4.8771881e+02
   1.0724700e+03   1.4197208e+03
   6.7707385e+02   5.0545108e+02
   5.5574158e+02   1.7123233e+02
   4.9472083e+02   8.9812830e+02
   1.2265718e+03   2.5338493e+02
   1.0232228e+03   8.4653740e+01
   5.3443988e+02   9.8560779e+02
   5.0602719e+02   5.0928906e+02
   2.6275790e+02   6.1212836e+02
   4.7101242e+02   8.1646027e+02
   5.4177979e+02   8.2199500e+02
   1.0883335e+03   1.5876771e+03
   1.0194955e+03   7.9586816e+02
   1.1085310e+03   1.1200661e+02
   1.1402000e+03   1.6031979e+03
   6.3555859e+02   9.8349341e+02
   9.8003009e+02   7.8159149e+01
   1.0705481e+03   1.1895731e+03
   1.4217522e+03   9.1596298e+01
   1.4049790e+03   3.9020901e+02
   1.0922306e+03   7.5380096e+02
   1.3292777e+03   4.0016013e+02
   1.2442786e+03   2.2304266e+02
   1.2034352e+02   3.3770383e+02
   6.1680731e+02   6.0336725e+02
   1.4483457e+03   5.8405896e+02
   1.3664414e+03   1.0029098e+03
   1.4012971e+03   6.9989020e+02
   4.3340060e+02   1.6325631e+03
   1.0285568e+03   1.5049953e+02
   1.1426357e+03   9.9832867e+02
   7.1384875e+02   3.2413040e+02
   1.0944320e+03   1.4181688e+03
   1.3048739e+03   2.5971838e+02
   6.3893256e+02   6.9680536e+02
   5.5636072e+02   5.1494696e+02
   7.8478308e+02   1.1507413e+03
   3.6455252e+02   4.4900436e+01
   1.1991140e+03   4.0589026e+02
   1.1426357e+03   9.9832867e+02
   1.2206694e+03   9.5964111e+02
   1.0441975e+03   1.0536698e+03
   6.2833246e+02   4.1037466e+02
   1.5337561e+02   3.9340710e+02
   1.2720416e+03   1.4405443e+02
   1.3699729e+03   5.7164825e+02
   8.7699963e+02   1.4165741e+03
   1.2982295e+03   1.4942409e+02
   1.3602468e+03   1.6322300e+03
   1.0898904e+03   1.3673560e+03
   6.1364594e+02   1.6112052e+03
   6.2504352e+02   1.6026542e+03
   1.1269578e+03   8.8791449e+02
   1.1596543e+03   8.3565094e+02
   1.4006619e+03   1.0677555e+03
   1.4048009e+03   6.6478735e+02
   1.0532168e+03   1.2587954e+03
   1.1422826e+02   1.5819860e+03
   1.0993408e+03   1.5159177e+03
   8.4206805e+02   5.4643799e+02
   1.0427297e+03   1.3412390e+03
   1.4007434e+03   7.1126764e+02
   1.0548093e+03   9.9767990e+01
   1.7076488e+01   4.0501422e+02
   5.4630920e+02   3.5213074e+02
   1.1955873e+03   2.4555234e+02
   1.4319744e+03   8.3538495e+02
   3.5531424e+02   9.7779785e+02
   1.2030197e+03   1.6037107e+03
   6.6465216e+02   6.6257849e+02
   6.3555859e+02   9.8349341e+02
   1.1417052e+03   1.9324507e+02
   3.7724536e+02   1.0009363e+03
   1.3199178e+03   1.3746451e+03
   7.9346503e+02   1.2330690e+03
   5.1069847e+01   1.6618879e+03
   1.0743110e+03   8.5658295e+02
   1.3958883e+03   5.7064557e+02
   7.0982587e+02   1.2505704e+03
   4.8833633e+02   1.9396188e+02
   5.4726892e+02   3.5755069e+02
   6.3164136e+02   4.5505780e+02
   1.1929675e+03   1.7946922e+02
   1.1933573e+03   3.2610837e+02
   7.0905011e+02   1.4203724e+03
   1.0578538e+03   9.8919472e+01
   1.3846184e+03   9.7627539e+02
   1.3192980e+03   2.5675189e+02
   1.2907439e+02   7.3441010e+02
   1.2937374e+03   3.1529523e+02
   1.0938544e+03   2.0485118e+02
   3.8322202e+02   9.7468396e+02
   6.3112775e+02   1.2465488e+03
   1.1359220e+03   1.3259538e+02
   1.2853154e+03   5.4486426e+02
   5.8851196e+02   3.6766409e+02
   1.2998669e+03   1.5469618e+03
   8.8051013e+02   1.5849486e+03
   4.8833633e+02   1.9396188e+02
   1.2939934e+03   6.7673993e+02
   1.3105664e+03   1.3663777e+03
   1.7076488e+01   4.0501422e+02
   6.6526373e+02   5.1384113e+02
   1.8411961e+02   1.4411909e+02
   4.6717236e+01   1.6562172e+03
   1.0988657e+03   7.5711200e+02
   1.4455482e+03   6.3703796e+02
   1.3179606e+03   1.6425442e+03
   6.4896533e+02   4.4649908e+02
   1.0792236e+03   1.2065870e+03
   1.0428113e+03   4.4364069e+02
   1.2859221e+03   1.4508791e+02
   1.4271820e+03   3.7674405e+02
   2.2595309e+02   1.7638441e+03
   1.0544830e+03   1.0249738e+03
   3.5226175e+02   1.3024203e+03
   4.8513913e+02   1.0717108e+02
   1.4334023e+03   1.5113054e+02
   7.6744263e+02   6.3049475e+02
   2.2595309e+02   1.7638441e+03
   6.3555859e+02   9.8349341e+02
   1.4574635e+03   5.7094690e+02
   6.4697400e+02   4.8512881e+02
   1.3260500e+03   1.6813002e+02
   1.0104700e+02   1.5909282e+03
   8.7379907e+02   1.2555308e+03
   3.2881616e+02   2.6979346e+02
   7.2128503e+02   3.5964505e+02
   1.1285499e+03   1.5947328e+03
   2.8473965e+02   8.8075641e+02
   9.1057022e+01   8.9131030e+02
   1.3120416e+03   1.6875500e+02
   4.2446808e+02   3.1534769e+02
   1.0047781e+03   1.0070949e+02
   1.2176980e+03   7.9770898e+02
   1.3457563e+03   1.6225121e+03
   4.3183591e+02   7.7404370e+02
   1.1886672e+03   2.3908551e+02
   1.4244523e+03   1.5436926e+03
   6.6257239e+02   6.3734839e+02
   2.9532593e+02   1.6072338e+03
   9.5690973e+02   2.1079681e+02
   1.1407607e+03   1.6668823e+02
   1.0629606e+03   1.0050382e+03
   2.8288927e+01   5.2558405e+02
   1.7602238e+02   7.9979620e+02
   1.1825305e+03   1.6617589e+02
   1.0542944e+03   3.9966957e+01
   1.0526198e+03   1.1572311e+03
   1.1276638e+03   7.6578510e+02
   1.0732328e+03   1.9955272e+02
   1.0870618e+03   9.1531012e+02
   8.6207294e+02   2.9828839e+02
   4.7532220e+02   8.6061676e+02
   1.8120592e+02   1.6519471e+03
   6.6337518e+02   5.5353638e+02
   1.2720416e+03   1.4405443e+02
   1.0849293e+03   8.8472183e+01
   1.2446351e+03   3.7878299e+02
   7.6128014e+01   1.2190935e+03
   1.0600134e+03   1.6075504e+03
   1.0681487e+03   8.2142438e+02
   6.8231415e+02   6.5154602e+02
   1.2394399e+03   7.2169318e+02
   1.3799008e+03   1.4130841e+03
   1.2671698e+03   1.7526097e+02
   9.4835706e+02   2.8739697e+02
   1.2683636e+03   7.7609747e+02
   1.0371921e+03   7.5825458e+02
   1.2196915e+03   8.0280847e+02
   6.9908618e+02   6.0923199e+02
   1.3841213e+03   6.8113379e+02
   9.4889789e+02   1.3317578e+03
   1.0392791e+03   6.1921162e+01
   1.1750631e+03   3.9762112e+02
   1.3017954e+03   1.5525504e+03
   1.0926086e+03   9.0431708e+02
   1.2983252e+03   1.6394125e+03
   1.1834828e+03   8.1542114e+02
   1.0577542e+03   1.0529418e+03
   2.8010479e+01   4.2793829e+02
   5.2508887e+02   6.3887274e+02
   7.1313745e+02   1.6487726e+02
   1.9882562e+02   1.0252811e+02
   1.1829940e+03   1.5844235e+03
   1.3870541e+03   5.5386060e+02
   1.3591882e+03   9.9905518e+02
   1.1933573e+03   3.2610837e+02
   4.7391656e+02   9.2288818e+02
   1.3683621e+03   1.6215446e+03
   2.3391768e+01   4.9963602e+02
   7.9395013e+02   9.9020215e+02
   1.3854280e+03   4.9763176e+01
   1.0893547e+03   7.0626007e+02
   5.9461505e+02   4.3826843e+02
   5.8183423e+02   5.1035477e+02
   1.0731045e+03   1.1535377e+03
   1.2378412e+03   7.8944464e+02
   7.3596045e+02   6.3071045e+02
   1.0996851e+03   1.6007853e+03
   9.0551099e+02   3.6968213e+02
   1.4470840e+03   5.1328284e+02
   3.6178751e+02   1.1211265e+03
   8.0286829e+02   5.4908972e+02
   1.2042155e+03   1.7124033e+02
   1.0728074e+03   9.4247913e+02
   7.3423468e+02   3.8576288e+02
   5.3805884e+02   1.8620229e+03
   1.0538282e+03   1.3125830e+03
   1.2883444e+03   1.6835854e+02
   1.2401222e+03   7.8567084e+02
   1.1765066e+03   1.5830972e+02
   3.7307632e+02   3.0559680e+02
   6.4219348e+02   4.6273041e+02
   2.9425385e+02   4.4424414e+02
   6.9454755e+02   1.5212620e+03
   1.2660142e+03   7.5853217e+02
   4.1207935e+02   7.5287115e+02
   5.3904553e+02   5.4539911e+02
   6.6080743e+02   1.6616049e+03
   7.9893127e+02   3.4632410e+02
   6.2966119e+02   5.7464630e+02
   1.4172800e+03   2.0899472e+02
   1.1072092e+03   7.8463031e+02
   1.4159904e+03   1.0188381e+03
   1.1647087e+02   8.3850854e+02
   1.0503948e+03   1.1895497e+03
   1.2559414e+03   6.7350385e+02
   8.0170972e+02   1.1517155e+03
   9.9437280e+02   1.1415847e+02
   1.3937130e+03   1.4937648e+03
   7.3955884e+02   4.8236523e+02
   1.2638229e+03   3.3742310e+02
   3.6776746e+02   4.2427673e+02
   1.0741091e+03   1.0411694e+03
   1.1615902e+03   1.6048119e+03
   4.1324030e+02   9.4734442e+02
   1.0965892e+03   7.1108319e+02
   8.7716998e+02   1.4315603e+03
   7.2034692e+02   1.5175094e+01
   1.0755160e+03   7.5535150e+02
   1.3767394e+03   9.2618665e+02
   4.1893240e+02   5.5643256e+02
   1.2862347e+03   1.5630958e+03
   1.4051883e+02   1.8592691e+02
   3.2523569e+02   1.6085115e+03
   6.9215070e+02   4.0866669e+02
   1.3653049e+03   1.5455737e+03
   6.8884790e+02   5.0125436e+02
   8.6135992e+02   1.3474673e+03
   1.1111696e+03   6.6091782e+01
   1.1871433e+03   1.5302627e+03
   6.9471878e+01   3.5712643e+02
   1.1146454e+03   7.4059570e+02
   1.2466450e+03   8.2346448e+02
   8.1070686e+01   1.5918685e+03
   1.2654972e+03   2.0474507e+02
   8.0312305e+02   4.7105841e+02
   1.1077434e+03   2.3631000e+02
   6.3035461e+02   4.9672470e+02
   1.1937816e+03   1.4839511e+02
   7.7366681e+02   1.5790004e+03
   9.4545941e+02   1.0152323e+03
   5.9074142e+01   4.0306985e+02
   1.1019373e+03   9.7196576e+02
   1.2223696e+03   4.8491818e+02
   1.0542727e+03   1.2717019e+03
   1.3530829e+02   1.7510190e+03
   1.3526014e+03   5.1581305e+02
   4.5324695e+02   1.2260802e+02
   5.3506793e+02   8.5411853e+02
   4.2323062e+02   7.3601038e+02
   1.2520171e+03   2.2791374e+02
   3.1673062e+02   9.1548309e+02
   3.9821072e+02   3.9677878e+02
   5.3865955e+02   6.7515594e+02
   5.2427246e+02   7.4345221e+02
   9.3204185e+01   1.6208805e+03
   1.4099138e+03   4.8024685e+01
   6.0323737e+02   6.8135016e+02
   8.2905365e+02   3.7995474e+02
   1.1326871e+03   1.5417844e+03
   9.5243695e+02   1.5903568e+03
   1.2885083e+03   1.0915922e+03
   1.3534186e+03   5.1583624e+02
   5.6233789e+02   6.6184174e+02
   1.8963284e+02   8.7140814e+02
   1.2344296e+03   3.4663617e+02
   3.1857385e+02   1.0985260e+03
   9.4490167e+02   2.5844092e+02
   3.7985422e+02   1.0043680e+03
   1.1595839e+03   4.5290158e+02
   6.7414929e+02   6.3031152e+02
   1.0618186e+03   1.2809202e+03
   4.4124542e+02   9.4955188e+02
   1.3351542e+03   1.5729393e+03
   6.5801666e+02   4.2554980e+02
   1.2260889e+03   9.5557489e+02
   6.1387048e+02   5.4592596e+02
   1.1600986e+03   1.5594171e+03
   6.3918854e+02   4.7739941e+02
   3.5195538e+02   7.1216821e+02
   8.1026703e+02   1.2338540e+03
   7.2269000e+02   6.3618976e+02
   4.2516440e+02   9.7531683e+02
   1.0576542e+03   1.6069527e+02
   1.4419515e+03   4.4885284e+02
   6.6155646e+02   5.2492639e+02
   1.1984623e+03   1.6056029e+03
   1.0737539e+03   9.4008917e+02
   1.0609449e+03   1.2509387e+03
   1.1832548e+03   5.3161206e+02
   1.3490399e+03   1.0008994e+03
   4.2156883e+01   1.5941053e+03
   8.1412701e+02   1.3462155e+03
   1.2341930e+03   8.3253088e+02
   1.0675442e+03   1.8139363e+02
   1.4137328e+03   1.6053928e+03
   1.1816321e+03   6.8032355e+02
   4.6486072e+02   8.4567615e+02
   1.0789015e+03   1.6300048e+03
   1.0515096e+03   1.4233000e+03
   1.3717968e+03   1.3741481e+03
   1.0318644e+03   2.3874469e+02
   6.5495660e+02   5.5126440e+02
   5.9382953e+02   5.5895258e+02
   1.3650681e+03   3.3288705e+02
   1.0664495e+03   8.2911047e+02
   5.3066736e+02   1.1821855e+03
   7.9605835e+02   1.6040557e+03
   3.2703995e+02   1.2334067e+03
   1.2405765e+03   1.0118525e+03
   1.4436150e+03   2.1310919e+02
   1.0593464e+03   1.3907253e+03
   1.0883442e+03   2.9670264e+02
   9.3982498e+01   8.8357654e+02
   3.4724646e+02   1.4621117e+03
   1.0893019e+03   8.9811743e+02
   7.9605835e+02   1.6040557e+03
   2.8046768e+02   5.1914886e+02
   1.4609094e+02   7.5318890e+02
   9.4561963e+02   4.1959904e+01
   1.4118352e+03   7.4116821e+02
   1.4164519e+03   3.3077505e+02
   4.6486072e+02   8.4567615e+02
   8.3423279e+02   5.4536060e+02
   1.1472334e+03   8.8743518e+02
   1.1262378e+03   1.3049088e+02
   1.3988674e+03   1.5705486e+03
   1.3906483e+03   1.5647229e+03
   9.2133118e+01   1.3766448e+03
   4.6262103e+02   2.8164264e+02
   1.0751266e+03   1.0237570e+03
   1.4162639e+03   1.4671965e+03
   4.0478769e+02   5.4556720e+02
   5.9856067e+02   1.2369462e+02
   1.4691030e+03   1.9225543e+02
   5.3528601e+02   6.4873145e+02
   8.1454651e+02   1.2544779e+03
   1.4639583e+02   3.2310248e+02
   1.7675574e+02   2.0176640e+02
   4.1929495e+02   6.6258264e+02
   8.1742419e+02   6.4508307e+02
   1.3631071e+03   1.4753706e+03
   3.1156023e+01   5.8120422e+02
   3.6597916e+02   5.2248474e+02
   1.4275780e+03   3.2777716e+02
   1.0957708e+03   7.0918329e+02
   7.1185419e+02   1.5420050e+02
   8.7775391e+02   1.5518575e+01
   5.3783062e+01   4.1484592e+02
   1.3744331e+03   9.8219427e+02
   1.3855472e+03   1.5969801e+03
   5.3297321e+02   7.1069208e+02
   9.9401871e+01   5.8878006e+01
   9.3220801e+02   2.0612103e+01
   1.1969166e+03   1.1391718e+02
   1.2824509e+03   6.7810077e+02
   1.1405231e+03   9.0801056e+01
   1.2562783e+03   9.0547198e+02
   1.3241500e+03   1.5610199e+03
   1.1822985e+03   1.0158800e+03
   1.3479877e+03   3.6051276e+02
   1.9153468e+02   8.4751190e+02
   4.3819016e+01   1.5729387e+03
   1.0557571e+03   7.9367261e+02
   3.7307632e+02   3.0559680e+02
   1.3646954e+03   1.4758624e+03
   1.1705260e+03   8.7473883e+02
   3.7633252e+02   4.4618207e+02
   5.5035754e+02   5.5445789e+02
   7.2916461e+02   6.6271277e+02
   5.2286414e+02   9.1976379e+02
   9.0662964e+02   3.8714389e+02
   1.2420035e+03   3.3784833e+02
   1.1725110e+03   9.7884930e+02
   5.3783062e+01   4.1484592e+02
   3.4090228e+02   1.6001311e+03
   1.1807937e+03   5.0599728e+02
   1.1167400e+03   7.2919379e+02
   8.8659416e+01   1.0513964e+03
   7.0822534e+02   1.4352594e+03
   5.0970490e+02   5.3668134e+02
   1.1428385e+03   1.0901628e+02
   4.0240155e+02   1.2932476e+03
   8.2089929e+02   5.8186963e+02
   8.6163513e+02   3.8107358e+02
   1.0428733e+03   7.6767493e+02
   8.5258746e+02   5.4995209e+02
   9.0068823e+02   3.6339877e+02
   1.3138566e+03   1.5783972e+03
   1.3567708e+02   1.6351622e+03
   1.1388126e+03   8.9837776e+01
   3.6455252e+02   4.4900436e+01
   6.8804224e+02   4.3366232e+02
   2.6340527e+02   5.9385577e+02
   1.4317355e+02   8.2928174e+02
   1.2857389e+03   2.6853696e+02
   3.5292654e+02   1.3817808e+03
   4.3200333e+02   6.5856989e+02
   3.5405582e+02   1.4759170e+03
   5.0976245e+02   7.9156525e+02
   1.4317355e+02   8.2928174e+02
   8.7884918e+02   3.6133105e+02
   1.2703590e+02   1.6055914e+03
   9.4545941e+02   1.0152323e+03
   1.0142253e+03   2.6846088e+01
   3.4635565e+02   1.4080769e+03
   2.0343219e+02   1.5798190e+03
   1.4324866e+03   4.4612180e+02
   1.2410276e+03   9.1358032e+02
   1.2777290e+03   4.5108081e+02
   1.1852301e+03   1.5889440e+03
   1.3269327e+03   7.8092377e+02
   1.1167271e+03   7.4856512e+02
   1.2468759e+03   1.4461195e+03
   1.3693751e+03   9.8591412e+02
   1.0285669e+03   1.6320221e+01
   1.2275586e+03   1.2439573e+02
   1.0768566e+03   3.5588498e+02
   1.1987988e+03   8.9032141e+02
   6.2066326e+01   6.8916571e+02
   6.5878693e+02   4.0885757e+02
   2.9180783e+02   1.1968202e+03
   1.2718550e+03   4.6424835e+02
   7.6720146e+01   1.5689879e+03
   1.0281972e+02   1.4020592e+03
   1.5431693e+02   3.8074368e+02
   1.2375931e+03   6.9342719e+02
   1.1634109e+03   1.3232497e+02
   1.0408623e+03   1.1478311e+03
   1.2668571e+03   6.7875781e+02
   1.7883040e+02   6.7318774e+02
   2.5488451e+02   1.6287559e+03
   1.2747446e+03   5.1535779e+02
   4.9423196e+02   1.8341410e+03
   5.3895947e+02   1.2121787e+03
   1.3577349e+03   1.1501182e+03
   1.2574913e+03   7.9398187e+02
   8.5699963e+02   4.1258780e+02
   1.5917662e+02   1.5875494e+03
   6.3770483e+02   5.2607709e+02
   1.1120109e+03   1.5732375e+02
   3.2191458e+02   1.6273042e+03
   1.1608662e+02   1.7539127e+03
   1.0564370e+03   5.1723645e+02
   1.1141921e+02   1.5862369e+03
   1.0619166e+03   1.3057783e+03
   5.5948981e+02   6.1545074e+02
   1.4598647e+03   2.9267599e+02
   3.7330267e+02   1.1587025e+03
   1.1453263e+03   7.3041669e+02
   4.0684869e+02   4.8566150e+02
   1.3397532e+03   1.9124182e+02
   1.4429082e+03   1.3724080e+02
   3.6272495e+02   1.1095688e+03
   9.5104236e+02   1.3268547e+03
   9.6242554e+02   4.4014210e+01
   1.0660931e+03   1.2726766e+03
   5.8808655e+02   2.4349524e+02
   1.0551067e+03   1.2968986e+03
   1.3491237e+03   1.1379666e+03
   1.1912291e+03   1.5972985e+03
   1.3057192e+03   1.6092363e+02
   4.2388693e+02   7.6170453e+02
   1.3149277e+03   6.6157852e+01
   2.9728661e+01   4.1709558e+02
   1.0354476e+03   8.4197357e+02
   2.6053607e+02   1.3733305e+02
   6.2066326e+01   6.8916571e+02
   1.4597406e+03   7.0966302e+02
   1.3349180e+03   8.2719006e+02
   3.0600516e+02   1.4997130e+03
   1.3855020e+03   5.2848529e+02
   9.2443443e+01   1.6036726e+03
   3.5054111e+02   1.0565067e+03
   7.0788696e+02   9.4962433e+02
   1.4288037e+03   1.5579856e+03
   1.0490566e+03   1.1520573e+03
   1.0937706e+03   9.9923477e+01
   6.7971704e+02   4.3111627e+02
   1.4436327e+03   3.7965656e+02
   3.5316336e+02   1.5069078e+03
   7.9323224e+02   1.1530942e+03
   8.0679144e+02   4.2485907e+02
   2.2331250e+02   1.5732463e+03
   1.2661855e+03   3.6324509e+02
   1.2375059e+03   9.6274524e+02
   1.4516215e+03   4.5543622e+02
   1.3152935e+03   1.1418832e+03
   4.9104486e+02   2.0866792e+02
   6.2761243e+02   1.3501660e+03
   5.0102176e+02   1.8471187e+03
   1.4329930e+03   2.1006595e+02
   1.2358523e+03   9.7944415e+02
   1.6739410e+01   1.6085935e+03
   1.8885724e+02   2.3593512e+02
   1.1779065e+03   1.5808114e+03
   6.0216876e+02   5.9333997e+02
   1.2830776e+03   3.2463098e+02
   1.2534341e+03   1.6365322e+03
   9.2782605e+02   2.0230891e+03
   5.3627570e+02   7.7514056e+02
   5.2216803e+02   9.4785736e+02
   2.9760541e+02   8.8960260e+02
   1.0074748e+03   2.5913412e+02
   4.2862006e+02   1.5938562e+02
   1.1781443e+03   3.5663248e+02
   1.3549572e+03   2.2684106e+02
   1.1822759e+03   9.2022150e+02
   1.4173073e+03   1.5804316e+03
   2.9643860e+02   7.2344427e+02
   1.2784753e+03   4.6282159e+02
   1.0643060e+03   5.2397723e+02
   8.6115979e+02   1.5864737e+02
   3.4186195e+01   7.0107141e+02
   7.2535162e+02   3.5302682e+02
   1.2713016e+03   3.2835715e+02
   8.1818097e+02   5.4721167e+02
   2.2007278e+02   4.1057385e+02
   6.8823975e+02   5.4086169e+02
   1.2882565e+03   6.6910187e+02
   1.1898059e+03   2.9395786e+02
   3.9875259e+02   7.9137982e+02
   4.3839420e+02   3.7198816e+02
   4.1268100e+02   8.0142450e+02
   7.6261090e+02   5.0962396e+02
   7.2955426e+02   1.6820292e+03
   7.8097565e+02   9.5721179e+02
   3.6411258e+02   5.2582458e+02
   3.5897247e+02   1.3851089e+03
   1.2454519e+03   8.3518164e+02
   9.9203491e+02   1.1011395e+03
   1.0290746e+03   4.4106641e+02
   4.4865070e+02   8.9546655e+02
   4.4539755e+02   1.4615421e+02
   1.5099625e+03   1.1090757e+03
   5.1298695e+01   6.1681439e+02
   1.0963245e+03   1.5258767e+03
   7.2955426e+02   1.6820292e+03
   8.5103539e+01   8.2828778e+02
   6.2696118e+02   5.9530408e+02
   7.7325500e+02   5.0883865e+02
   1.0821460e+03   8.6343298e+02
   5.7801672e+02   7.1520386e+02
   6.3604834e+02   1.6538800e+03
   5.2643872e+02   2.6758472e+02
   1.2659165e+03   9.3750085e+02
   6.2985620e+02   4.6353088e+02
   1.4410039e+03   1.7379485e+02
   1.2375159e+02   7.5406354e+02
   1.2145669e+03   1.5365209e+03
   1.2948477e+03   6.8882690e+02
   1.4167590e+03   1.6183265e+03
   6.6842334e+02   6.7234460e+02
   3.0666000e+02   4.1434476e+02
   8.2230896e+02   4.7953668e+02
   6.9454755e+02   1.5212620e+03
   1.2174268e+03   5.0343063e+02
   1.2523275e+03   5.2602484e+02
   4.3401868e+02   8.0974274e+02
   3.5380582e+02   1.4667346e+03
   1.0217266e+03   1.8411620e+02
   1.0374423e+03   1.5300358e+03
   1.3802975e+03   3.7307358e+02
   6.4894769e+02   1.6621807e+03
   1.4114064e+03   1.5378831e+03
   5.6915857e+02   2.3468776e+02
   1.2145917e+03   1.2156261e+02
   1.2530504e+03   1.5440609e+03
   1.2860270e+03   4.6102402e+02
   1.3348594e+03   1.3748470e+03
   9.1570575e+02   5.0119528e+02
   1.0845300e+03   9.9427475e+01
   1.1584012e+03   7.5856250e+02
   9.9362610e+02   4.6481769e+02
   1.2589013e+02   2.1098433e+02
   1.3398184e+03   1.5617642e+02
   8.6898407e+02   6.0379724e+02
   1.1952616e+03   4.6892731e+02
   6.3198401e+02   9.4128021e+02
   8.9301831e+02   3.8469696e+02
   2.0502304e+02   1.4364418e+02
   1.1907568e+03   3.3898062e+02
   6.2677258e+02   4.9881296e+02
   5.2755316e+02   6.8188165e+02
   7.5789850e+02   3.8709485e+02
   5.3179791e+02   8.5439001e+02
   1.0760699e+03   1.1935635e+03
   1.2764455e+02   1.7358107e+01
   1.2502565e+03   2.2540260e+02
   1.0964591e+03   8.9036942e+01
   2.6363327e+02   4.4683078e+02
   1.0340392e+03   2.5311203e+02
   7.3765417e+02   5.1669843e+02
   1.4470889e+03   7.8637958e+02
   7.6757416e+02   6.4608435e+02
   1.3939626e+03   9.0429163e+02
   8.6164001e+02   4.4487381e+02
   6.1862267e+01   3.9338425e+02
   1.4217223e+03   1.4157291e+02
   7.2409436e+02   1.4335328e+03
   1.4148157e+03   1.5373801e+03
   6.8187793e+02   6.8704675e+02
   7.8317975e+02   1.0640392e+03
   1.3079174e+03   3.3393384e+02
   9.4877985e+02   2.9772916e+02
   9.3904945e+01   1.6119197e+03
   1.0729115e+03   8.3342303e+02
   1.1722112e+03   1.7564049e+02
   2.1446135e+02   4.4928220e+02
   1.0549634e+03   7.5044846e+01
   1.1271174e+03   9.6511835e+02
   1.2537896e+03   7.5302899e+02
   9.8041588e+01   8.4058739e+01
   6.2959058e+02   1.3256563e+03
   1.0733892e+03   1.2578915e+03
   1.2368383e+03   1.6304072e+03
   2.0765114e+02   3.9885495e+02
   3.6939569e+02   1.4228799e+03
   1.1060339e+03   1.0483027e+03
   1.2781494e+03   1.6007057e+02
   1.1701332e+03   4.2403970e+02
   1.0352366e+03   7.3092735e+01
   1.1733247e+03   1.6755408e+02
   1.0912716e+03   9.1689429e+02
   7.1726581e+02   1.6718735e+02
   1.0913793e+03   3.6405981e+02
   3.4680457e+02   5.8399908e+02
   2.4499594e+02   2.9628241e+02
   1.1108618e+03   1.5165159e+03
   4.3902115e+02   1.5636525e+02
   9.8041588e+01   8.4058739e+01
   5.8317810e+02   1.0618388e+02
   1.1295519e+03   8.8275952e+02
   1.0388164e+03   3.4993237e+01
   7.7281097e+02   5.5316608e+02
   3.9697238e+02   6.7584772e+02
   1.1453263e+03   7.3041669e+02
   8.8021356e+02   4.0812250e+02
   1.0972742e+03   4.6519693e+02
   1.2627035e+03   2.8408441e+02
   1.3721116e+03   3.6702277e+02
   3.0058588e+02   3.9910104e+02
   1.3698597e+03   9.2147968e+02
   9.6220673e+01   4.7221199e+01
   3.9338690e+02   5.3214954e+02
   6.4548541e+02   4.6662714e+02
   9.8957483e+02   1.3672617e+02
   7.9254901e+02   2.6922668e+02
   9.5874237e+02   2.2389990e+02
   8.8172327e+02   1.0084277e+03
   2.9738092e+02   9.1966461e+02
   1.1871433e+03   1.5302627e+03
   5.4079041e+02   5.5643854e+02
   2.9395242e+02   1.1860822e+03
   1.2822007e+03   1.6334425e+03
   1.2573425e+03   4.0535971e+02
   7.9219948e+01   1.7614917e+03
   6.4736279e+02   9.8671027e+02
   7.9182037e+02   5.4998041e+02
   2.9738916e+02   1.1881095e+03
   1.1787023e+03   6.8793689e+02
   9.8192993e+02   1.6357310e+03
   5.9796027e+02   1.3687999e+02
   6.2938965e+02   1.2321610e+02
   3.1935135e+02   1.5908907e+03
   1.4288037e+03   1.5579856e+03
   1.4307637e+03   4.3085654e+02
   2.9340591e+02   3.0921289e+01
   1.0428093e+03   1.3353093e+03
   3.4020377e+02   1.4670415e+03
   8.1569281e+02   4.4088599e+02
   3.5623788e+02   1.4878347e+03
   1.1606774e+03   2.9145398e+02
   2.8538348e+02   1.4009344e+03
   9.0477625e+02   3.6541103e+01
   1.0683180e+03   1.4131118e+03
   1.3612792e+03   1.0074981e+02
   1.0269719e+03   4.1751419e+01
   3.4636664e+02   1.3990366e+03
   1.2906124e+03   3.0537958e+02
   6.2348700e+02   1.3480798e+03
   1.0659386e+03   1.2603348e+03
   3.8287234e+02   8.8763214e+02
   3.5858713e+02   9.6835983e+01
   1.0689141e+03   2.0725822e+02
   1.6650938e+02   8.3498248e+02
   1.3897838e+03   1.8093672e+02
   8.7373825e+01   6.7871582e+02
   1.1404321e+03   9.6581873e+02
   1.1576290e+03   8.4917334e+02
   1.3345237e+03   1.5819994e+03
   6.7639380e+02   4.4071637e+02
   3.7921686e+02   4.2097000e+02
   1.0362169e+03   1.0483333e+03
   1.1720863e+03   1.6252869e+03
   1.2198774e+03   2.3230740e+02
   1.4202075e+03   2.3915990e+02
   1.0403917e+03   1.2686776e+03
   4.9042615e+02   9.6989853e+01
   3.6765167e+02   1.4601697e+03
   1.2701798e+03   1.6450931e+02
   1.0648573e+03   5.4131500e+02
   9.5982233e+02   1.5734629e+03
   1.3738156e+03   8.7548694e+02
   3.9352078e+02   1.2207229e+03
   4.2131802e+02   9.1026324e+02
   2.8254895e+02   8.7746307e+02
   1.1658181e+03   8.2118433e+02
   2.6389529e+02   1.7229337e+03
   1.7314276e+02   2.1836920e+02
   3.6374966e+02   1.0823766e+03
   4.5965735e+02   3.8192758e+02
   1.0448882e+03   1.0695970e+03
   1.3490399e+03   1.0008994e+03
   1.3437998e+03   9.6357306e+02
   1.2895082e+03   6.9232910e+02
   1.4615977e+02   1.7383462e+03
   1.0656678e+03   1.3631355e+03
   3.2081589e+02   3.7911835e+02
   7.1630151e+02   6.3769733e+02
   1.3470271e+03   8.1896600e+02
   1.2726761e+03   3.5019455e+02
   1.2390604e+03   2.7376196e+02
   1.3589310e+03   9.6760155e+01
   2.9505072e+02   6.4415717e+02
   6.1378381e+02   1.5972651e+03
   1.0795590e+03   3.9397327e+02
   1.3352483e+03   1.6273282e+03
   1.0865292e+03   5.6386523e+02
   3.0374896e+02   1.6362261e+03
   9.4308942e+02   1.3241080e+03
   8.5775024e+02   1.2546554e+03
   5.9859296e+02   4.9740060e+02
   1.0814510e+03   1.5207916e+02
   5.3921344e+02   1.8374573e+03
   1.4063250e+03   1.0515890e+03
   1.6650938e+02   8.3498248e+02
   8.9869423e+01   3.9831873e+02
   1.2349618e+03   7.8053387e+02
   9.7226257e+01   4.5360623e+02
   1.0307274e+03   3.4669116e+02
   8.5418475e+02   5.2613214e+02
   3.9840732e+02   5.0402771e+02
   9.3617303e+02   7.3509064e+02
   1.1695648e+03   3.9267578e+02
   1.2691904e+03   2.1627730e+02
   1.0612776e+03   1.0453510e+02
   4.8058383e+02   1.5019265e+03
   1.3414570e+03   1.6420829e+03
   1.0357015e+03   1.0379760e+03
   1.3642804e+03   1.0238860e+02
   8.1464783e+02   5.4655377e+02
   3.4548239e+02   1.2882850e+03
   1.3995829e+03   1.2968660e+03
   8.4420032e+02   5.5483881e+02
   1.3531119e+03   1.5401938e+03
   1.1663646e+03   1.6197694e+03
   6.3656116e+02   1.6482013e+03
   1.0590663e+03   1.0953098e+02
   4.7611188e+02   6.1312061e+02
   1.1246567e+03   1.4316100e+02
   3.5858713e+02   9.6835983e+01
   1.0840590e+03   6.9529431e+02
   1.1740311e+03   7.8910150e+02
   2.2607584e+02   5.0689679e+02
   8.3587286e+02   4.9465244e+01
   9.4308942e+02   1.3241080e+03
   4.6623837e+02   6.2615326e+02
   1.3071017e+03   1.3173749e+03
   3.4548239e+02   1.2882850e+03
   1.1319429e+03   7.1098798e+02
   1.3847245e+03   2.5538744e+02
   8.7552625e+02   1.5946589e+03
   1.3775829e+03   5.4260669e+02
   6.3495374e+02   5.9568329e+02
   1.5050299e+02   1.5312958e+03
   1.6365897e+02   7.8609357e+02
   5.4549426e+02   5.5187378e+02
   8.7296313e+02   1.5163632e+03
   3.7405106e+02   6.0992615e+02
   1.1920989e+03   4.4550980e+02
   3.7155734e+02   4.6537860e+02
   7.1965051e+02   1.5208539e+03
   5.3600452e+02   2.6451016e+02
   1.0184981e+03   8.7306635e+02
   6.5482184e+02   1.6665455e+03
   1.2789144e+03   3.1759891e+02
   8.4451044e+02   4.1893893e+02
   1.3078633e+03   6.7496631e+02
   7.0514301e+02   1.0838040e+03
   1.5361514e+02   1.6349581e+03
   3.5514142e+02   1.4574948e+03
   5.2611517e+02   5.6444733e+02
   1.4620997e+03   1.4748976e+02
   6.2190295e+02   1.5884084e+03
   1.3633157e+03   1.5807576e+03
   7.5213135e+02   5.9072858e+02
   9.3725342e+02   7.2614136e+02
   1.2684280e+03   6.4668695e+02
   6.9562396e+02   2.3404404e+02
   8.9952924e+02   4.4945306e+02
   1.3219343e+03   1.4152354e+03
   1.1762383e+03   6.9710645e+02
   1.2720011e+03   3.6447189e+02
   1.0362809e+03   1.1536581e+03
   1.0123061e+03   7.9242603e+02
   1.4141975e+03   1.5108121e+03
   8.9869423e+01   3.9831873e+02
   1.2441437e+03   2.1596828e+02
   1.3781635e+03   2.4516202e+02
   8.7266028e+02   6.0220776e+02
   1.3635187e+03   1.5844154e+03
   1.2708295e+03   4.2606968e+01
   1.0802393e+03   1.1406294e+03
   7.8271674e+02   1.0910253e+03
   1.0201155e+03   3.7656590e+01
   7.0837036e+02   1.3509103e+03
   6.3153131e+02   1.2178848e+03
   1.1337417e+03   8.5448102e+02
   8.8043445e+02   1.6014868e+03
   1.3423883e+03   7.8094147e+02
   8.0684961e+02   5.0437894e+02
   1.0378071e+03   1.0615631e+03
   8.2155286e+02   1.0212823e+03
   4.5159244e+02   1.0588766e+02
   3.4478867e+02   1.4836439e+03
   1.4372026e+03   1.5812960e+03
   1.3225851e+03   2.0237669e+02
   8.9036597e+02   1.4294609e+03
   1.3952147e+03   1.5610939e+03
   4.5110455e+02   4.9091611e+02
   4.6645044e+02   1.1475732e+02
   1.3191375e+03   6.9970776e+02
   1.4091984e+03   2.0679958e+02
   7.1006219e+02   1.0089542e+03
   3.2063797e+02   1.3581107e+03
   1.1041249e+03   7.8631665e+02
   8.6351642e+02   1.4303987e+03
   1.4450637e+03   9.9890436e+02
   1.1772164e+03   1.6296908e+03
   9.1173233e+01   1.3943788e+03
   1.0454788e+03   6.4380609e+02
   1.3471932e+03   7.5426666e+02
   4.5935205e+02   1.5940547e+03
   7.6635632e+02   4.4104077e+02
   1.1557118e+03   9.4136017e+02
   1.1290068e+03   8.4019763e+02
   6.4088287e+02   1.2488336e+03
   7.1652484e+02   3.7091296e+02
   1.1490681e+03   7.9570282e+02
   1.2331239e+03   8.7552393e+02
   1.3554083e+03   1.6109064e+03
   1.4422415e+02   1.9929279e+02
   1.2694497e+03   2.9612413e+01
   8.6147498e+02   1.0061575e+03
   1.3543900e+03   1.5593943e+03
   7.1647607e+02   4.2188193e+02
   3.7398590e+02   8.5829065e+02
   1.3679753e+03   3.5820523e+02
   7.7009570e+02   6.4930035e+02
   1.0132188e+03   2.9456448e+02
   6.2374927e+02   7.3480060e+02
   3.0499643e+02   9.5294220e+02
   3.8953763e+02   8.7261584e+02
   1.3977469e+03   9.7451178e+02
   1.1651089e+03   1.6163357e+03
   3.0187631e+02   7.6149310e+02
   1.4131899e+03   1.4634880e+03
   9.3661749e+02   5.9930334e+02
   9.1387762e+02   1.0340409e+03
   1.2524318e+03   5.5557678e+02
   1.1123275e+03   8.4454605e+01
   6.5144159e+02   6.4105597e+02
   3.7304089e+02   4.6112430e+02
   5.7472253e+02   1.0477312e+02
   7.7732263e+02   4.7439532e+02
   2.2639986e+02   4.6101764e+02
   1.4103619e+03   1.3828713e+03
   1.4553873e+03   3.8332483e+02
   1.4351836e+03   3.7451123e+02
   2.6386456e+02   5.5692780e+02
   7.4715582e+02   4.1899844e+02
   1.2525769e+03   6.5444293e+02
   9.8569745e+02   4.9913629e+02
   1.3655631e+03   1.6035651e+02
   2.1273160e+02   1.7472347e+03
   1.3061041e+03   1.3849150e+03
   5.9475214e+02   9.8301872e+01
   1.3642874e+03   2.4259546e+02
   1.3012395e+03   1.6232714e+03
   6.9629565e+02   1.6114925e+02
   1.2430145e+03   1.6234519e+03
   1.1902188e+03   1.6032306e+03
   5.4220825e+02   3.2460205e+02
   4.4839756e+01   6.8095984e+02
   1.4444943e+03   4.6360590e+02
   1.3496918e+03   5.3000720e+02
   1.3298063e+03   7.8276208e+02
   2.7062466e+02   1.4020411e+03
   3.4204932e+02   1.5001428e+03
   1.0856396e+03   1.4382593e+03
   7.8522406e+02   1.5818313e+03
   8.5217108e+02   3.3104495e+02
   8.2315839e+02   5.1577313e+02
   1.4040746e+03   1.3400854e+03
   1.3702146e+03   9.5398537e+01
   6.8477246e+02   3.0493887e+02
   1.3007797e+03   1.6035295e+03
   9.0594019e+02   1.0228558e+03
   8.3407880e+02   5.0418924e+02
   1.0561433e+03   5.3282715e+02
   1.4627986e+03   1.3983369e+02
   3.8520676e+02   5.0654401e+02
   4.3336667e+02   7.2086584e+02
   1.3047581e+03   2.7386618e+02
   1.2770205e+03   2.8011871e+02
   1.9007216e+02   1.3803119e+02
   1.3771549e+03   1.5307531e+03
   7.6823383e+02   2.0153944e+02
   7.9224573e+02   9.6118561e+02
   8.7296313e+02   1.5163632e+03
   1.5128053e+02   1.5404324e+03
   3.9237527e+02   5.7732013e+02
   3.5858713e+02   9.6835983e+01
   1.2549285e+03   1.6255039e+03
   7.7974402e+02   1.4326375e+03
   4.2235965e+02   1.7074929e+03
   1.0848268e+03   1.7831282e+02
   1.3298577e+03   7.8828754e+02
   5.8808655e+02   2.4349524e+02
   1.0998029e+03   2.4863535e+02
   4.1191306e+02   5.0412894e+02
   2.3197849e+02   8.2497339e+02
   1.3653065e+03   9.0715228e+02
   1.4073148e+03   6.4604327e+02
   9.3892206e+02   1.1774957e+03
   6.1335431e+02   1.3482507e+03
   1.1972098e+03   9.5106250e+02
   1.0614108e+03   1.4563484e+03
   1.3684165e+03   1.3105642e+03
   5.2234131e+02   5.8328589e+02
   6.3700348e+02   4.2094608e+02
   4.0448444e+02   5.0936682e+02
   8.1113226e+02   1.0780909e+03
   1.3615708e+03   7.7429730e+02
   1.1198409e+03   8.2558661e+02
   1.2268406e+03   1.5308210e+03
   1.4329569e+03   3.0083124e+02
   7.9424048e+02   4.7770816e+02
   1.2762988e+03   1.6103110e+03
   9.8640854e+01   1.7618129e+03
   1.0765306e+03   1.3527957e+03
   2.5675699e+02   2.1277190e+02
   1.1829425e+03   4.5825543e+02
   1.1412207e+03   1.5898373e+03
   1.4256554e+03   6.1735419e+02
   2.5489826e+01   6.3928687e+02
   9.5920166e+01   9.0810478e+01
   9.7714075e+02   2.1539848e+01
   1.0653311e+03   1.3972217e+03
   6.5813866e+01   6.3848822e+02
   1.1591040e+03   1.6278342e+03
   1.1584485e+03   2.6858264e+02
   3.0411469e+02   6.0609143e+02
   1.2249783e+03   6.8657562e+02
   6.9496411e+02   1.4356381e+03
   1.1870297e+03   7.9964874e+02
   7.1622754e+02   6.4371826e+02
   1.3844345e+02   3.3870636e+02
   1.0350084e+03   8.2939722e+02
   6.8300012e+02   5.8636469e+02
   6.8218549e+02   6.1912817e+02
   1.4299640e+03   1.0330284e+02
   1.3379319e+03   1.4758250e+02
   1.3430363e+03   9.2382874e+01
   6.4332117e+02   1.1460559e+03
   1.0203464e+03   2.3330957e+02
   1.4422764e+03   3.5118491e+02
   1.1759397e+03   3.6476608e+02
   1.2803025e+03   3.5576169e+02
   3.6725745e+02   8.6435742e+02
   5.0631976e+02   1.7667841e+03
   6.3772723e+02   4.2756583e+02
   7.9192700e+02   2.5531198e+02
   1.1437024e+03   8.2439618e+02
   1.4497977e+03   1.5554001e+03
   1.2009658e+03   6.5667255e+02
   1.3496696e+03   7.9340662e+02
   8.7451160e+02   1.3502074e+03
   1.1461849e+03   1.6193260e+03
   8.2233417e+02   1.0252880e+03
   1.2452909e+03   4.7830496e+02
   1.1081777e+03   5.2208051e+02
   7.8367328e+02   1.4361158e+03
   6.1769238e+02   1.5855109e+03
   3.2063797e+02   1.3581107e+03
   1.3485404e+03   9.8192664e+02
   1.2649371e+03   1.6364651e+03
   1.3511003e+03   7.7364630e+02
   1.6168356e+02   2.4960065e+02
   6.0032715e+02   5.2176398e+02
   1.0826964e+03   5.2875473e+01
   5.8764789e+02   5.1077853e+02
   8.6382880e+02   1.4002628e+03
   5.2917426e+02   5.5582617e+02
   2.8053656e+02   7.2074506e+02
   8.5109271e+02   4.6927670e+02
   3.0116721e+02   2.2579539e+02
   1.2823092e+03   1.6367527e+03
   1.0184458e+03   1.1303983e+02
   2.7895560e+02   1.4030313e+03
   1.9109384e+02   7.4480811e+02
   1.0316974e+03   7.0195044e+02
   1.3730593e+03   5.1034171e+02
   1.2151359e+03   7.6379358e+02
   1.2243596e+03   9.7461053e+02
   8.4448730e+02   4.6919070e+02
   7.8036127e+02   3.6303574e+02
   1.0659082e+03   1.3751937e+03
   7.1006219e+02   1.0089542e+03
   1.1364568e+02   6.7728003e+02
   7.0744318e+02   1.6081670e+03
   1.3577349e+03   1.1501182e+03
   1.0808730e+03   4.6078720e+01
   1.1996312e+03   8.7290387e+02
   1.4517131e+03   5.6278229e+02
   7.0275092e+02   1.3334821e+03
   1.0412290e+03   1.0200065e+03
   7.1362402e+02   6.0214404e+02
   1.1176699e+03   8.4861700e+02
   1.2297745e+03   1.3619264e+03
   7.7325555e+02   1.3197971e+03
   1.0336500e+03   6.9983038e+02
   4.8560215e+01   6.7095172e+02
   1.2499163e+03   9.2726624e+02
   1.1921992e+02   1.1025514e+03
   1.1716854e+03   3.2382773e+02
   1.1766931e+03   1.4327664e+02
   9.2832025e+02   1.0126138e+03
   2.3771768e+02   7.7632135e+02
   8.7451160e+02   1.3502074e+03
   8.0053668e+02   6.0994727e+02
   1.0639105e+03   9.3548260e+02
   2.5766809e+01   7.4090216e+02
   1.1718003e+03   4.1736047e+02
   4.1635654e+02   6.0138159e+02
   1.5746933e+02   1.7563674e+03
   1.1019921e+03   2.2820433e+02
   5.6012231e+02   9.6944275e+02
   1.0978998e+03   9.4937177e+02
   7.6963055e+02   4.6576117e+02
   1.4194838e+03   1.2886820e+03
   3.8322046e+02   1.2659989e+03
   1.4471624e+03   1.0091348e+03
   1.0068123e+03   5.5359650e+01
   8.0059454e+02   3.8838596e+02
   1.9952103e+02   2.1118428e+02
   1.4386488e+03   2.0467133e+02
   7.8283997e+02   1.1696770e+03
   5.1324921e+02   5.8641272e+02
   3.8003741e+02   4.6186133e+02
   1.3844784e+03   4.2598135e+02
   1.9751784e+02   8.7798553e+02
   7.1965051e+02   1.5208539e+03
   8.8594299e+02   1.2543295e+03
   4.4299622e+02   7.4803497e+02
   8.0218719e+02   1.0680466e+03
   1.1968694e+03   1.2479882e+03
   8.2618118e+01   9.7983704e+01
   3.1907556e+02   1.0684545e+03
   1.1620265e+03   6.5813324e+02
   5.7154230e+02   1.0382363e+02
   3.8164911e+02   6.5948639e+02
   9.1602863e+02   4.5506192e+02
   1.3820321e+03   1.5834830e+03
   3.1256253e+02   1.1306449e+03
   6.9348749e+02   1.7058400e+02
   4.3227640e+02   1.5998859e+03
   9.2832025e+02   1.0126138e+03
   1.3263551e+03   1.7714311e+02
   5.5577039e+02   6.1915169e+01
   1.2238522e+03   1.9186923e+02
   1.4134722e+03   1.0458409e+03
   7.7771021e+02   4.1912759e+02
   8.6071704e+02   1.4172329e+03
   1.4227941e+01   1.5865385e+03
   8.0962256e+02   4.7851306e+02
   1.3192740e+02   1.5494047e+03
   9.1779736e+02   3.3576424e+01
   9.1602863e+02   4.5506192e+02
   1.1886737e+03   2.5301028e+02
   9.2299127e+02   1.0863030e+03
   6.7931635e+02   6.2195050e+02
   1.2123788e+03   1.6223839e+03
   1.2767444e+03   4.3158398e+02
   1.1078507e+03   7.0747473e+02
   7.9198163e+02   3.6326761e+02
   1.1384885e+03   8.2011551e+01
   7.7081842e+02   1.4226554e+03
   5.3022041e+01   1.7535801e+03
   1.1842908e+03   5.4527087e+02
   7.1015692e+02   1.2396835e+03
   1.4052922e+02   1.2342477e+03
   2.8237686e+02   1.3878381e+03
   6.1243939e+02   7.2314001e+02
   1.0807507e+03   5.0021984e+01
   1.4302911e+03   6.8504349e+01
   1.2319750e+03   1.5292511e+03
   8.1014679e+02   6.5332776e+02
   1.4218799e+03   1.8599226e+02
   3.1572638e+02   1.8576632e+03
   4.1191306e+02   5.0412894e+02
   1.1829287e+03   6.9273737e+02
   1.2197325e+03   1.8404210e+02
   1.4023068e+02   1.7588905e+03
   1.0886515e+03   8.4837257e+01
   1.0427957e+03   7.8481891e+02
   1.0736365e+03   6.2426508e+02
   8.4695099e+02   1.2829656e+03
   8.0386987e+02   6.4347607e+02
   5.5703345e+02   6.7040814e+02
   3.5793622e+02   2.1826590e+02
   7.4634497e+02   6.2181604e+02
   3.7167032e+02   4.5285767e+02
   7.0967798e+02   1.0859761e+03
   1.3837427e+03   6.3046887e+02
   3.0006320e+02   1.6602396e+03
   1.4041709e+03   6.1678894e+01
   1.2733579e+03   3.7717130e+02
   1.4580924e+03   1.6234313e+03
   3.5897247e+02   1.3851089e+03
   5.2951654e+02   5.2264618e+02
   1.1012041e+03   5.7382361e+02
   9.1450386e+01   1.6122407e+03
   9.4937439e+02   1.5139420e+03
   1.3788835e+03   1.5829567e+03
   1.1914911e+03   5.2138635e+02
   9.9651282e+02   5.8388561e+01
   1.4536198e+03   5.6348789e+01
   4.0724884e+02   7.8759595e+02
   9.4434406e+02   1.3515137e+03
   1.2409287e+03   1.6001924e+03
   1.7850047e+02   1.7348245e+03
   1.1450863e+03   8.8438263e+02
   2.7060205e+02   1.4203242e+03
   2.0031674e+02   3.9625183e+02
   1.0106495e+03   1.2564130e+03
   2.9677023e+02   1.4974485e+03
   9.8861224e+02   4.7365494e+02
   7.8522406e+02   1.5818313e+03
   1.3825568e+03   1.6334393e+02
   1.3677648e+03   1.0423937e+03
   1.3294327e+03   1.6120616e+03
   6.3709650e+02   1.4223184e+03
   1.3140972e+03   1.8854201e+02
   1.6454610e+02   1.5318899e+03
   3.0116721e+02   2.2579539e+02
   7.2599829e+02   2.3535089e+02
   1.1488960e+03   7.9348151e+02
   1.1248756e+03   1.5876553e+03
   3.7475827e+02   1.2868066e+03
   1.3776555e+03   1.5467538e+03
   1.2108090e+03   1.1186869e+03
   1.3897329e+03   1.1517906e+03
   4.3902386e+02   4.4744165e+02
   9.8890845e+02   7.3623071e+02
   6.9332806e+02   1.0718262e+03
   6.1246033e+02   1.2513911e+03
   1.2028337e+03   1.3386986e+02
   2.6265967e+02   8.7802094e+02
   7.1416333e+02   1.5981134e+03
   1.3548490e+03   1.9474072e+02
   5.5917322e+02   5.5870233e+02
   9.6727881e+02   7.0753253e+02
   7.8499207e+02   1.4937858e+03
   5.7159100e+02   2.7175308e+02
   6.0923309e+02   1.5178363e+03
   1.3479952e+03   1.5830820e+03
   1.0071091e+03   2.9075156e+02
   1.4280010e+03   2.7352655e+02
   8.5188086e+02   1.0988225e+03
   1.1015092e+02   8.5468988e+02
   1.4611564e+03   6.1933170e+01
   1.0321105e+03   8.6144447e+01
   1.2532827e+03   1.4582443e+02
   9.3543512e+02   1.6851724e+03
   1.3395741e+03   8.8802991e+02
   1.0245486e+03   7.4596045e+02
   1.3315686e+03   2.4307928e+02
   6.1894025e+02   1.0678485e+03
   3.5204883e+02   1.4955010e+03
   1.1388638e+03   8.4292548e+02
   9.2784296e+02   5.7172430e+02
   7.8317212e+02   6.2695264e+02
   1.2605842e+03   1.6128955e+03
   9.7426801e+02   7.0548230e+02
   1.3828153e+03   1.5799458e+03
   1.3759696e+03   1.7614389e+02
   6.3108691e+02   4.2910364e+02
   1.1560775e+03   7.2596240e+02
   1.4263989e+03   1.6116138e+03
   9.1506665e+02   1.4432597e+01
   1.2994807e+03   5.6600195e+02
   2.5311621e+02   6.0200134e+02
   8.7564484e+02   1.4046644e+03
   1.1981984e+03   4.3267368e+02
   9.3196777e+02   9.7222717e+02
   1.0762859e+03   1.2807343e+03
   1.2015936e+03   1.5901466e+03
   1.9812392e+02   6.2941113e+02
   3.5858713e+02   9.6835983e+01
   3.5849262e+01   5.7906805e+02
   1.4318684e+03   7.9589148e+02
   1.0060076e+03   5.3863762e+01
   1.0484899e+02   1.3331532e+02
   1.1984465e+03   7.9186450e+02
   2.2935558e+02   1.4723375e+02
   3.9410690e+02   3.9068958e+02
   1.2090197e+03   4.3529488e+01
   1.3165667e+03   1.3089032e+02
   1.4591368e+03   4.4934430e+02
   1.2757451e+03   4.1945206e+02
   1.2476328e+03   1.6236530e+03
   4.1685571e+02   6.3629407e+02
   3.3368271e+02   3.8257913e+02
   2.9519107e+02   1.6570616e+03
   6.0902643e+02   4.8960446e+02
   1.0593711e+03   1.5705199e+03
   1.1755758e+03   1.5962306e+03
   1.9107076e+02   1.5042599e+02
   1.2999888e+03   1.2126213e+03
   1.1683337e+03   5.1959985e+02
   1.2501079e+03   6.4599481e+02
   2.2223897e+02   7.1650262e+02
   8.7403363e+02   1.3218401e+03
   7.0703754e+02   1.4971685e+03
   8.4496118e+02   4.3331311e+02
   1.2502565e+03   2.2540260e+02
   3.5801904e+02   1.8896524e+02
   3.5916025e+02   4.7932913e+02
   3.8927512e+02   4.6336282e+02
   5.4393475e+02   7.2014252e+02
   3.6656216e+02   4.3484158e+02
   7.9692780e+02   5.1381201e+02
   7.0414227e+02   1.2653948e+03
   5.9056073e+02   6.5833710e+02
   1.3556675e+03   7.8857834e+01
   1.2274400e+02   1.0180148e+03
   1.2444554e+03   8.4899091e+02
   1.0743141e+03   7.3954849e+01
   4.9945602e+02   1.4898787e+03
   1.4027362e+03   8.7540234e+02
   6.2888354e+02   7.7155853e+02
   1.0642295e+03   6.2263354e+02
   5.3130341e+02   5.1400629e+02
   1.4708160e+02   8.2577942e+02
   8.6178284e+02   1.4205370e+03
   2.3627251e+02   1.7374218e+03
   2.9958957e+02   1.3841841e+03
   3.9363419e+02   5.8667084e+02
   1.0376163e+03   5.0047504e+02
   8.1990735e+02   2.2459042e+02
   1.1609183e+03   1.6309669e+03
   7.0387256e+02   1.2718198e+02
   2.7172480e+01   1.4621729e+03
   1.2108090e+03   1.1186869e+03
   8.3663918e+01   1.5543573e+03
   1.2530052e+03   3.6680521e+02
   9.8659752e+01   8.6478931e+02
   3.7371350e+02   4.7713242e+01
   1.0460070e+02   1.6641118e+03
   9.8208557e+02   5.3048576e+01
   1.0846885e+02   7.1931915e+02
   1.2516504e+02   7.6796710e+02
   6.0667761e+02   5.2210223e+02
   1.0677869e+03   1.3972375e+03
   1.2824202e+03   1.3323901e+02
   1.1990974e+02   1.5071176e+03
   7.4577698e+02   6.1998083e+02
   1.3372723e+03   7.7261932e+02
   1.0214607e+03   1.5762947e+03
   1.1344421e+03   7.4730823e+02
   2.0593542e+02   7.0903107e+02
   1.1280316e+03   1.5321431e+03
   1.0734973e+03   1.0048580e+02
   1.2848545e+03   6.8740820e+02
   1.3100204e+03   1.1182061e+03
   2.9081702e+02   1.1831466e+03
   1.0170386e+03   3.4285666e+02
   7.8393549e+02   1.5221644e+03
   5.6505955e+01   6.1527856e+02
   8.6227972e+02   1.0806702e+03
   1.2824202e+03   1.3323901e+02
   2.7435715e+02   1.5158874e+01
   1.1999613e+03   1.8447844e+03
   1.1220337e+03   9.8169794e+02
   1.2783263e+03   6.6038916e+02
   1.1740907e+03   4.1047833e+02
   9.5142926e+02   1.3341984e+03
   1.3100457e+03   1.7831841e+02
   1.0526198e+03   1.4096173e+03
   1.3548490e+03   1.9474072e+02
   3.6357471e+02   6.0177295e+02
   6.8675507e+02   5.7871155e+02
   7.0064142e+02   5.2753217e+02
   6.5717432e+02   4.8166626e+02
   7.0720757e+01   4.3448621e+02
   1.0320585e+03   5.4854942e+01
   3.1806708e+02   4.6463220e+02
   1.1561652e+03   9.5728040e+02
   1.3593075e+03   9.0549416e+01
   8.6429608e+02   1.2536871e+03
   1.2609733e+03   9.2913953e+02
   1.0668636e+03   7.4867322e+02
   9.0049207e+02   4.9275085e+02
   1.2736841e+03   3.1411414e+02
   1.4470903e+03   1.6249883e+03
   1.5099576e+02   1.0937146e+03
   7.8324512e+02   9.6994312e+02
   2.5389668e+02   7.7114514e+02
   1.4097181e+03   6.5921802e+02
   6.2660297e+02   1.7441583e+02
   6.9316406e+02   1.4249016e+03
   1.2798789e+03   5.0657770e+02
   1.2758193e+03   6.6697430e+02
   4.3318103e+02   1.7061163e+03
   6.3283978e+02   1.4371642e+03
   1.0826561e+03   1.4022546e+03
   1.0724086e+03   1.5729122e+03
   1.0413503e+03   8.3566046e+02
   1.2689507e+03   8.6463965e+02
   1.1233064e+03   6.0312531e+02
   1.1285765e+03   7.0118683e+02
   2.0541245e+02   6.5972314e+02
   7.1064923e+02   9.8541418e+02
   3.2728217e+02   4.3134409e+02
   8.4473065e+02   5.2361041e+02
   8.0818018e+02   1.5200353e+03
   8.4914655e+02   3.4108780e+02
   1.3787859e+03   4.4318628e+02
   9.3518059e+01   4.0368793e+02
   5.8313232e+02   4.9499515e+02
   1.1771920e+03   7.3836420e+02
   9.1096509e+02   4.9238571e+02
   7.5486328e+01   6.7205780e+02
   7.9396259e+02   4.8114258e+02
   6.2792709e+01   1.3776803e+03
   9.7403174e+02   6.8370111e+02
   1.2054293e+03   3.8371753e+02
   4.4263110e+02   4.7678912e+02
   8.4841742e+02   5.3024890e+02
   1.0452389e+03   1.2546166e+03
   2.8767816e+02   8.8346136e+02
   9.9971436e+02   2.7234384e+02
   1.3135881e+03   1.0952295e+03
   1.3072081e+03   1.1686740e+03
   6.8390253e+02   5.2268695e+02
   1.0299393e+03   1.2387875e+02
   5.5927734e+02   6.0049259e+01
   6.1814819e+02   4.2453690e+02
   1.3035319e+03   1.5913657e+03
   1.3239972e+02   8.1741333e+02
   1.3820321e+03   1.5834830e+03
   2.8451645e+02   6.8967889e+02
   1.3742648e+03   1.5394825e+03
   1.2986917e+03   1.5545953e+03
   1.1514933e+03   1.6164462e+03
   8.6031787e+02   1.2496772e+03
   7.0655249e+02   1.5262041e+03
   8.1081885e+02   1.1540851e+03
   4.9625403e+02   6.9119000e+02
   8.5594562e+02   1.4135703e+03
   1.1824932e+03   9.1270410e+02
   8.6382880e+02   1.4002628e+03
   1.1719869e+03   6.6589728e+02
   8.0238519e+02   1.3401121e+03
   1.2537841e+03   6.8049640e+02
   5.2995142e+02   5.6974139e+02
   8.3448425e+01   1.5165784e+03
   7.6165802e+02   1.0198644e+03
   9.6884125e+02   1.3326869e+03
   1.2850710e+03   4.4470847e+02
   1.1770555e+03   3.6925729e+02
   1.2973235e+03   1.6141550e+03
   1.0725684e+03   5.7259491e+02
   5.8313232e+02   4.9499515e+02
   9.2686951e+02   1.2557494e+03
   2.8706253e+02   9.2322400e+02
   9.3033496e+02   4.6529861e+02
   2.7668375e+02   1.5256377e+03
   3.0847202e+02   6.3104810e+02
   1.1633879e+03   1.5596879e+03
   1.0271855e+03   1.0160743e+03
   1.1845352e+03   1.6258771e+03
   2.4698785e+02   5.6007349e+02
   5.6819958e+02   7.2992661e+01
   2.2091585e+02   1.7280735e+03
   1.1282552e+03   1.6183370e+03
   3.8597739e+02   1.6361178e+03
   3.4117307e+02   1.3933794e+03
   1.0270782e+03   6.2223956e+02
   6.9661420e+02   4.1736932e+02
   1.4338951e+03   1.3004987e+02
   3.5552039e+02   1.5339067e+02
   9.5545715e+02   1.2555586e+03
   3.6170660e+02   1.3631831e+03
   6.0122797e+02   2.5295912e+02
   7.5532416e+02   6.2557544e+02
   7.3026172e+02   3.6670206e+02
   8.6031787e+02   1.2496772e+03
   1.2698344e+03   3.1318161e+02
   8.0143518e+02   1.0905365e+03
   1.4037595e+03   9.7717041e+01
   5.2286414e+02   9.1976379e+02
   6.2122620e+02   4.7856052e+02
   7.8195111e+02   5.9100043e+02
   5.3579059e+02   4.9308325e+02
   1.1531165e+03   1.4616302e+02
   1.2819713e+03   1.3806496e+02
   1.6623627e+02   1.7407001e+03
   9.5843372e+02   4.5432455e+02
   1.1055905e+03   7.1150452e+02
   1.0792148e+03   1.0489166e+03
   1.4588190e+03   1.1925543e+02
   7.9424304e+02   1.3332390e+03
   6.3077844e+02   4.7183795e+02
   1.2108090e+03   1.1186869e+03
   9.2520441e+02   5.0964966e+02
   3.3719781e+02   1.3095529e+03
   3.9545837e+02   1.1654724e+03
   9.0748193e+02   4.3540756e+02
   6.9795996e+02   5.2495160e+02
   1.4492281e+03   1.9675609e+02
   1.4582253e+03   9.2243935e+01
   1.0073097e+03   6.0880377e+02
   1.4567760e+03   4.0358929e+02
   8.8503503e+02   9.7036731e+02
   4.3460611e+02   1.5110176e+02
   1.4665079e+03   5.3294407e+01
   2.2710957e+02   8.2027789e+02
   5.1953778e+02   4.8544391e+02
   2.1692897e+02   6.4445740e+02
   6.2676422e+02   1.3173893e+03
   1.0234856e+02   1.7196538e+03
   6.5034253e+02   4.0998978e+02
   1.1320259e+03   8.2239069e+02
   8.6355756e+02   4.0645081e+02
   4.4591306e+02   4.7149783e+02
   9.7992444e+02   4.7125235e+02
   2.4224165e+02   9.4746185e+02
   2.4698785e+02   5.6007349e+02
   6.1894025e+02   1.0678485e+03
   1.0171933e+03   4.0615208e+01
   1.3480624e+02   7.9986566e+02
   1.0339767e+02   2.6960751e+02
   3.9996469e+02   4.8805035e+02
   9.5145532e+02   1.2558142e+03
   3.8048682e+02   6.3607294e+02
   1.4458783e+03   1.2831783e+03
   2.2158231e+02   1.4734004e+03
   5.4269977e+02   4.5510425e+02
   1.0511914e+03   5.2297742e+02
   2.6827475e+02   1.4361248e+03
   4.8810199e+02   9.1468066e+02
   1.2469795e+03   3.9966309e+02
   6.9897095e+02   3.9635062e+02
   3.9407700e+02   1.2107048e+03
   1.3942668e+03   1.3152205e+03
   7.6934283e+02   1.3354082e+03
   1.0502413e+03   1.1812018e+03
   1.3896840e+03   1.3163372e+03
   4.4793628e+02   4.6082193e+02
   6.7821954e+02   2.2667341e+01
   1.3459452e+03   5.3326080e+01
   8.3567780e+02   2.4897858e+02
   4.4591306e+02   4.7149783e+02
   5.5130298e+02   1.0314360e+03
   8.2391656e+02   5.2992224e+02
   7.0160944e+02   2.4137517e+02
   6.6842334e+02   6.7234460e+02
   1.1512860e+03   7.4047589e+02
   8.6656512e+02   7.9240381e+02
   8.0671466e+02   5.8013379e+02
   1.2659165e+03   9.3750085e+02
   9.9970337e+02   7.3069916e+01
   1.4672711e+03   1.8317503e+02
   1.0616471e+03   9.6791992e+02
   1.1391683e+03   7.0392377e+02
   1.0781654e+02   3.7318478e+02
   1.3068696e+03   1.3001598e+03
   1.4580924e+03   1.6234313e+03
   9.9363184e+02   1.6348307e+03
   1.4562638e+03   5.5157977e+02
   1.0404370e+03   1.0842997e+03
   1.1994832e+03   1.6308572e+03
   7.1876947e+02   4.9836758e+01
   1.0645365e+03   5.8159454e+02
   5.3968079e+02   4.6387170e+02
   1.1566007e+03   2.2417010e+02
   1.0460070e+02   1.6641118e+03
   1.1769916e+03   2.9721820e+02
   1.0525686e+03   1.2831501e+03
   6.0130963e+02   5.1631970e+02
   1.0804424e+03   6.6074844e+01
   7.0462518e+02   1.4101758e+03
   1.1661750e+03   8.0787683e+02
   9.1373236e+02   1.7011107e+03
   2.6401705e+01   9.0314282e+02
   8.7026831e+02   4.4878946e+02
   7.9145410e+02   9.5346460e+02
   1.1296198e+03   1.6037469e+03
   5.1348688e+02   5.7835364e+02
   2.0817459e+02   8.7008521e+02
   1.2226943e+03   9.8574609e+02
   1.3376727e+03   1.0290507e+02
   8.0153259e+02   1.2385027e+03
   1.9138896e+02   1.6609705e+03
   7.5559094e+02   4.2586670e+02
   1.0918406e+03   9.6890747e+02
   1.3837511e+03   1.0592531e+03
   1.2698525e+03   3.2750616e+02
   8.0984888e+02   1.3315239e+03
   3.9435461e+02   1.2332059e+03
   1.3533542e+03   4.4261743e+02
   1.0129951e+02   1.7431414e+03
   5.6868689e+02   6.5423865e+02
   9.4505731e+02   1.3165760e+03
   1.0738361e+03   1.2949138e+03
   1.2305039e+03   8.0501056e+02
   4.8120258e+02   2.2575938e+02
   9.4088860e+01   3.8613226e+02
   2.9668384e+02   1.5823876e+03
   1.1220895e+03   6.0247455e+02
   6.0990558e+02   5.7984021e+02
   2.4492014e+02   1.7567742e+03
   5.8974878e+02   6.0685834e+02
   3.3819562e+02   1.3668544e+03
   7.2044379e+02   9.6087262e+02
   1.0774729e+03   1.2946447e+03
   1.0527175e+03   1.4407339e+03
   1.3779395e+03   1.3778458e+03
   1.0801860e+03   2.8884369e+02
   4.1280350e+02   4.9230719e+02
   7.4988135e+02   5.1931458e+02
   7.8802559e+01   1.6239484e+03
   1.1709518e+02   2.6770877e+02
   1.4110410e+03   1.1549927e+03
   1.1621989e+03   9.1700127e+01
   1.3306345e+03   1.5886217e+03
   1.3906317e+03   1.1476138e+03
   5.7589990e+02   3.4742413e+02
   1.0610707e+03   1.4327292e+03
   6.8698889e+02   1.4170045e+03
   3.9410690e+02   3.9068958e+02
   8.9988794e+02   9.6316888e+02
   1.1673392e+03   1.4709082e+02
   1.0527031e+03   1.0893606e+03
   9.1813556e+02   6.7850000e+02
   1.2098142e+03   6.7076373e+02
   7.7685040e+02   1.3345735e+03
   8.3561847e+02   4.9519333e+02
   2.5358904e+01   1.6958289e+03
   1.1006400e+03   1.0092919e+03
   1.0642012e+03   1.3342184e+03
   4.1857128e+01   1.4162321e+03
   3.8813065e+02   8.8929828e+02
   1.2750297e+03   1.6265756e+03
   9.7793365e+02   6.9209802e+02
   8.8418048e+02   1.0245076e+03
   8.6823724e+02   4.2361682e+02
   3.5390237e+02   5.2089557e+02
   8.5915833e+02   1.3339084e+03
   4.8238342e+02   2.2956396e+02
   1.2016951e+03   6.7135046e+02
   7.9093549e+02   4.4520557e+02
   1.4174747e+03   1.4855247e+03
   1.5052757e+02   1.5584053e+03
   4.7803539e+01   7.8503986e+02
   6.9398383e+02   2.1760889e+02
   6.5166498e+02   9.4564325e+02
   9.0948865e+02   2.6607678e+02
   9.6518549e+02   2.3303554e+02
   1.1881903e+03   9.2356067e+02
   4.4865070e+02   8.9546655e+02
   1.2100696e+03   9.8464575e+02
   2.9147531e+02   1.6562756e+03
   1.3494658e+03   1.1347548e+03
   8.1554974e+02   2.5952139e+02
   1.4351626e+03   2.2827592e+02
   1.2613396e+03   3.3134045e+02
   7.7840222e+02   3.1972751e+02
   1.4426990e+03   4.8550717e+02
   3.0452142e+02   4.8505347e+02
   1.1621989e+03   9.1700127e+01
   8.0920898e+02   9.7178107e+02
   1.1663304e+03   1.0858024e+02
   7.1021399e+02   7.5444159e+02
   4.7212265e+02   6.3323357e+01
   5.5858710e+02   6.9534503e+02
   1.3670476e+03   9.6403009e+02
   1.3952920e+03   1.2424207e+03
   7.6647003e+01   1.4782112e+02
   6.6796985e+02   6.8322559e+02
   1.0853149e+03   1.2393270e+03
   1.0713558e+03   5.7340460e+02
   9.3314075e+02   9.6733386e+02
   1.2125084e+03   8.3642175e+02
   1.2796675e+03   2.8669547e+02
   1.2469247e+02   8.0506146e+02
   2.7226154e+02   4.5889767e+02
   3.2048273e+02   1.8980013e+02
   2.3415094e+02   8.1369006e+02
   7.4935089e+02   4.6661929e+02
   5.9295898e+02   1.2703688e+03
   8.7906927e+02   1.4448387e+03
   7.2052307e+02   2.6628558e+02
   1.4482552e+03   5.2761017e+02
   1.3598088e+03   1.1215369e+03
   1.3446592e+03   1.5663481e+03
   8.1626361e+02   1.5071541e+03
   1.4097181e+03   6.5921802e+02
   1.0138387e+02   1.6398820e+03
   1.3045623e+03   1.6493492e+03
   8.6110767e+02   2.7239044e+02
   1.3482662e+03   1.5636703e+03
   8.0439325e+02   2.0942265e+02
   1.1532360e+03   1.6319019e+03
   5.9656927e+02   5.6011511e+02
   6.0600342e+02   1.2336274e+03
   7.8586786e+02   1.4912174e+03
   7.5119110e+02   6.4982654e+02
   1.3250442e+03   1.4643092e+03
   1.2808164e+03   3.7048990e+02
   7.8644757e+02   1.4047245e+03
   2.1953256e+02   1.0279047e+03
   1.3512042e+03   1.3698755e+03
   1.2227255e+03   4.7814420e+02
   6.3403461e+02   1.0507673e+03
   6.9878918e+02   2.0076282e+02
   3.5320633e+02   1.1283086e+03
   1.5246629e+02   1.3950396e+03
   8.6349347e+02   1.4819478e+03
   1.4520137e+03   3.6992822e+02
   1.2744382e+03   1.6487402e+03
   3.0261676e+02   1.1492587e+03
   1.3627451e+03   1.6435779e+03
   7.1482849e+02   1.1642051e+03
   3.4230045e+02   1.7556345e+02
   1.2350905e+03   1.1346261e+03
   1.1261057e+03   8.4009338e+02
   1.1869576e+03   9.7513037e+02
   3.8673877e+02   1.3265085e+03
   7.0462518e+02   1.4101758e+03
   1.2426016e+03   9.7196204e+02
   1.0540882e+02   6.6770581e+02
   7.8359949e+02   2.4528532e+02
   1.3437990e+03   1.1100773e+03
   1.2949525e+03   1.6163373e+03
   1.8416578e+01   1.4918219e+03
   6.9049915e+02   1.5095529e+03
   1.2798252e+03   1.6019492e+03
   1.0834454e+03   1.1813430e+03
   9.5178156e+02   1.5641548e+03
   1.0225720e+03   4.4189285e+02
   9.5146838e+02   4.5436420e+02
   8.2306964e+02   1.1009080e+03
   6.0823547e+02   1.6184465e+03
   1.7518665e+02   1.5408235e+03
   6.2481659e+02   5.9229199e+02
   4.4419122e+02   4.8380609e+02
   1.1209493e+03   6.0577112e+02
   1.2473536e+03   1.6292434e+03
   1.0830248e+03   1.4731337e+03
   2.8460141e+02   1.6712708e+03
   7.3607617e+02   4.5463052e+02
   1.9763858e+02   1.6055388e+02
   7.8586786e+02   1.4912174e+03
   1.3773683e+03   9.4015549e+01
   4.4419122e+02   4.8380609e+02
   9.5633301e+02   7.6156128e+02
   9.9273590e+02   4.9832370e+02
   1.2074036e+03   7.0079846e+02
   7.0307239e+02   6.4828656e+02
   8.0716199e+02   6.4346954e+02
   1.0697377e+03   1.2303199e+03
   7.1307397e+02   1.9570932e+02
   2.8460141e+02   1.6712708e+03
   1.0597152e+03   5.1459967e+02
   2.1304962e+02   6.8616632e+02
   2.9834497e+02   1.4497062e+03
   2.4952919e+02   7.9819672e+02
   1.3709462e+03   3.7669754e+02
   1.3365359e+03   1.3653911e+03
   7.2923431e+02   4.2015149e+02
   5.6164966e+02   7.4074902e+02
   8.3832916e+02   1.0232560e+03
   9.2388141e+02   4.9999323e+02
   8.6604175e+02   3.6196371e+02
   1.3242736e+01   1.4855552e+03
   6.0117401e+02   1.0053593e+03
   7.2392395e+02   9.8493274e+02
   3.4669104e+02   4.4393933e+02
   1.3709462e+03   3.7669754e+02
   1.0709323e+03   5.7384766e+02
   7.7081842e+02   1.4226554e+03
   9.3695880e+02   1.0072496e+03
   1.3871748e+03   1.1827697e+03
   1.2464795e+03   7.9893195e+02
   4.6554117e+02   9.2662250e+02
   1.2863176e+03   1.6142281e+03
   2.9269525e+02   1.8860306e+03
   1.3951774e+03   1.2334557e+03
   2.7967313e+02   1.7034999e+03
   1.2711538e+03   1.5663695e+03
   7.1790411e+02   1.5133009e+03
   8.0277399e+02   1.4927876e+03
   1.0859146e+03   8.8491614e+02
   7.4989575e+02   1.0125123e+03
   6.9156970e+02   1.5001609e+03
   8.7870642e+02   4.5508507e+01
   1.1943029e+03   8.6725928e+02
   9.1889868e+02   1.0104703e+03
   8.6024194e+02   1.5055385e+03
   5.7371942e+02   8.2010144e+02
   5.5080585e+02   1.4902164e+02
   7.3013300e+02   6.4020081e+02
   8.8339539e+02   4.2182471e+02
   2.7371921e+02   3.9252951e+02
   1.2189701e+03   1.2299937e+03
   4.0594978e+01   1.6752877e+03
   1.0202436e+03   9.5473480e+01
   1.3622932e+03   8.4123817e+01
   1.1730022e+03   5.8610272e+02
   1.1243347e+03   4.0118970e+02
   1.3716805e+03   9.7329401e+02
   6.0834485e+02   6.2927264e+02
   7.1795819e+02   5.8890881e+01
   8.1435065e+02   1.5052506e+03
   7.0210480e+02   1.5268469e+03
   8.2288727e+02   1.9978647e+02
   4.2757211e+02   1.6079763e+03
   2.9417850e+02   1.6438451e+03
   4.0361624e+02   7.6666608e+02
   3.2923459e+02   3.7413031e+02
   8.4264117e+02   9.6615826e+02
   1.7197546e+02   4.8984219e+02
   6.6907843e+02   1.0072649e+03
   7.8152417e+02   4.3914883e+02
   1.4272773e+03   1.6351628e+03
   8.2295422e+02   4.6278241e+02
   1.1182261e+03   6.8339453e+02
   5.0509506e+01   9.0549274e+02
   1.1168059e+03   1.6156478e+03
   2.3186244e+02   8.0812671e+02
   1.7161555e+02   1.4575914e+03
   6.4611298e+02   1.4373292e+03
   1.4950482e+01   6.3273218e+02
   3.4140573e+02   1.4768356e+03
   1.2057058e+03   7.4137329e+02
   1.1732800e+03   6.3527563e+02
   7.9315924e+02   5.8331927e+02
   8.1392047e+02   1.4188378e+03
   1.2311316e+03   1.3880007e+03
   1.1844270e+03   1.5747842e+03
   1.0594490e+03   1.1556683e+03
   1.4212114e+03   1.6411838e+03
   1.0712181e+03   1.5290948e+03
   1.1801112e+03   5.2198499e+02
   1.0886166e+03   6.0820752e+02
   1.5420158e+02   7.2138544e+02
   1.9138896e+02   1.6609705e+03
   5.3055438e+02   1.2144617e+03
   3.4808960e+02   1.6305317e+03
   8.7959521e+02   3.9011353e+02
   1.2592059e+03   1.0172406e+03
   1.1701606e+03   1.5743092e+03
   7.7613409e+02   6.3276849e+02
   6.0081445e+02   1.8365608e+02
   1.7197546e+02   4.8984219e+02
   1.4110410e+03   1.1549927e+03
   1.3750707e+03   1.0816637e+03
   7.6821906e+02   5.1602747e+02
   1.3552896e+03   9.6013977e+02
   1.3881067e+03   8.7993500e+02
   2.3173695e+02   8.0123438e+02
   4.7633778e+01   7.3793201e+02
   7.7555151e+02   1.2322190e+03
   1.2223452e+03   1.3214130e+03
   1.0639144e+03   1.3536520e+03
   7.0927209e+02   1.3175198e+03
   8.5124744e+02   1.3576044e+03
   9.5768530e+02   1.4159623e+03
   1.3501582e+03   1.3789956e+03
   1.8575835e+02   1.7638746e+03
   8.3810797e+02   5.5441937e+02
   1.3885095e+03   1.1059133e+03
   8.3755463e+02   4.3974387e+02
   1.1776954e+03   4.3262451e+02
   1.2781176e+03   1.6012985e+03
   1.1060339e+03   1.0483027e+03
   1.4159419e+03   2.2610509e+02
   8.8382892e+02   1.0816875e+03
   7.1021399e+02   1.3247010e+03
   1.0606056e+03   1.2023085e+03
   8.0780762e+01   1.1636583e+03
   1.8892545e+02   4.7317154e+02
   8.1845721e+02   1.5044838e+03
   7.2044379e+02   9.6087262e+02
   2.2708690e+02   6.6370270e+02
   9.4895416e+02   1.0890670e+03
   1.3791818e+03   1.4416974e+03
   1.3301709e+03   8.9166309e+02
   1.3632788e+03   1.6471398e+03
   2.2683990e+02   6.3655536e+02
   8.7355463e+02   4.1331192e+02
   1.2818873e+03   1.0411740e+03
   1.0628815e+03   1.4657634e+03
   9.6774976e+02   7.2528363e+02
   6.7011719e+02   1.0054898e+03
   2.1692897e+02   6.4445740e+02
   9.1264008e+02   7.1386084e+02
   9.6037817e+02   1.4982354e+03
   7.8257507e+01   1.3728196e+03
   1.3479952e+03   1.5830820e+03
   7.3071222e+02   9.7903662e+02
   8.4747980e+02   9.6607001e+02
   1.1809382e+03   8.9750732e+02
   1.3787859e+03   4.4318628e+02
   1.3272521e+03   1.6221653e+03
   2.2668454e+02   1.6552729e+03
   3.8342197e+01   4.0147891e+02
   1.3523125e+03   7.6749066e+02
   4.6745266e+01   3.9184848e+02
   8.8331000e+02   1.3311801e+03
   8.9164148e+02   5.2288837e+02
   7.0275092e+02   1.3334821e+03
   6.8214532e+02   6.6266699e+02
   3.5554669e+02   1.3782566e+03
   1.1434432e+02   1.4777971e+03
   1.3390166e+03   9.3040283e+02
   6.1882489e+02   1.5283760e+03
   1.2785481e+03   1.6406107e+03
   8.9460327e+02   1.1703401e+03
   8.3218976e+02   5.9169043e+02
   1.2395880e+03   1.6242389e+03
   1.3871748e+03   1.1827697e+03
   3.4367804e+02   4.7606439e+02
   1.0011912e+03   1.1788151e+03
   1.2212563e+02   1.6645201e+03
   1.0157289e+03   3.4931271e+02
   9.6277472e+02   1.5008555e+03
   1.6176187e+02   1.5520293e+03
   4.2595119e+01   1.7272517e+03
   3.7744498e+02   1.0459893e+03
   1.5104043e+03   8.0325806e+02
   9.1008081e+02   1.1123082e+03
   8.2087898e+01   1.5426287e+03
   1.1899435e+03   4.9162849e+01
   3.3759171e+02   1.3424155e+03
   1.1399044e+03   1.6258264e+03
   1.4134722e+03   1.0458409e+03
   2.9668384e+02   1.5823876e+03
   1.0793146e+03   1.2782389e+03
   2.5199486e+02   1.9299336e+02
   1.0484899e+02   1.3331532e+02
   1.1919979e+03   1.5499102e+03
   4.7212265e+02   6.3323357e+01
   1.4435975e+03   6.3875465e+01
   7.2057355e+02   1.5080592e+03
   1.3700780e+03   1.0790179e+03
   1.0762892e+03   1.1668099e+03
   1.2472607e+03   8.0473334e+02
   6.8044830e+02   1.4164525e+03
   1.4599573e+03   6.3102344e+02
   6.3510760e+02   8.1860336e+01
   4.5105316e+02   1.4970194e+03
   2.7991440e+01   6.9316925e+02
   2.8655508e+02   1.9449110e+02
   1.3799352e+03   1.2362017e+03
   4.4792993e+02   2.9922794e+02
   2.0781996e+02   2.0211310e+02
   1.0858281e+03   8.7863220e+02
   1.0693427e+03   1.4673403e+03
   1.3392306e+03   1.5420493e+03
   1.3682122e+03   5.2043231e+02
   1.4737793e+03   4.2211197e+02
   8.2306964e+02   1.1009080e+03
   5.4121930e+02   1.3602595e+03
   1.3031081e+02   1.2393055e+03
   2.1237660e+02   2.4160225e+02
   1.1696244e+03   2.6925208e+02
   1.4452496e+03   1.6109578e+03
   1.1519154e+02   1.5684127e+03
   5.4630920e+02   3.5213074e+02
   8.5854608e+02   1.2383524e+03
   8.0340369e+02   1.4949458e+03
   1.2631991e+03   6.4958234e+02
   8.0029248e+02   1.6504518e+03
   1.2753016e+03   1.6221223e+03
   9.3582629e+02   1.5010471e+03
   8.7615643e+02   1.4011512e+03
   8.0818018e+02   1.5200353e+03
   5.6394005e+01   8.9512793e+02
   9.2121045e+02   9.5152087e+02
   3.3090775e+02   3.7088602e+02
   7.5531195e+02   1.1795159e+03
   1.4431653e+03   6.4674811e+02
   3.1252255e+02   2.6734854e+02
   7.7688055e+02   8.6921289e+02
   1.4300438e+03   1.2813080e+02
   1.4751395e+03   1.5242140e+02
   1.4046062e+03   8.7020416e+02
   8.0080055e+01   1.1671433e+03
   8.1429010e+02   1.5090630e+03
   8.4994560e+01   1.5425139e+03
   8.9002441e+02   1.5886353e+03
   7.1452063e+02   7.8406409e+02
   7.2600500e+02   2.7579297e+02
   7.8867096e+01   7.1692804e+02
   1.3710887e+02   7.9039606e+02
   4.6385553e+02   5.9670044e+02
   1.7511639e+02   1.7630938e+03
   1.3646705e+03   1.0744990e+03
   7.5354932e+02   4.5893765e+02
   1.0435313e+03   1.6157272e+03
   1.9810272e+02   4.7949191e+02
   5.2617426e+02   7.5566937e+02
   2.7948160e+02   1.1004538e+02
   2.1273160e+02   1.7472347e+03
   1.0730487e+03   1.3818162e+03
   1.3773683e+03   9.4015549e+01
   1.3550427e+03   8.1333325e+02
   4.0831125e+02   1.0700723e+03
   9.9149963e+02   1.6156339e+03
   8.0929736e+02   2.2575105e+02
   8.6688861e+02   5.0880850e+02
   1.1345990e+03   5.5546094e+02
   1.0682086e+03   1.0856632e+03
   1.3988674e+03   1.5705486e+03
   1.2821798e+03   3.8515445e+02
   5.8671246e+02   1.5379122e+03
   1.0009125e+03   4.6430792e+02
   7.8713208e+02   4.4585312e+02
   1.1682242e+03   1.5918186e+03
   7.7722388e+02   1.6003655e+03
   1.4468551e+03   4.4204810e+02
   7.3105658e+02   1.5316692e+03
   6.8201270e+02   1.0861116e+03
   1.6133527e+02   7.1164258e+02
   4.9752524e+02   5.6964465e+02
   7.7685040e+02   1.3345735e+03
   7.8897607e+02   9.1309235e+02
   1.3910781e+03   1.4750663e+03
   1.4765138e+03   1.5074068e+02
   6.2545508e+02   1.5299294e+03
   7.9125751e+02   9.2970459e+02
   2.3800893e+02   4.3113593e+02
   7.3139093e+02   1.4492152e+03
   3.6858600e+02   1.5997101e+03
   4.3549915e+02   1.6372310e+02
   2.8563184e+02   3.8269498e+02
   1.4238845e+03   4.8315651e+01
   5.5037250e+02   2.0473537e+02
   1.1318872e+03   4.1780823e+02
   1.3796049e+03   6.0279535e+02
   1.0464635e+03   5.8565559e+01
   1.4247562e+02   1.2381804e+03
   1.2287438e+03   1.3425339e+03
   1.3301250e+03   2.3050230e+02
   3.6856723e+02   1.3470681e+03
   1.0782748e+03   1.3103947e+03
   1.4160160e+03   9.5053290e+02
   8.1100684e+02   5.8885724e+02
   1.2297745e+03   1.3619264e+03
   8.4938110e+02   1.1798082e+03
   6.0035608e+02   1.0013478e+03
   4.5920395e+02   2.9858475e+02
   3.8031686e+02   1.5239741e+03
   7.9041193e+02   9.0735846e+02
   5.8497589e+02   1.5430465e+03
   1.3766442e+03   1.4427048e+02
   9.2360828e+02   9.6714648e+02
   1.3897913e+03   1.3491118e+03
   1.0409003e+03   1.0987012e+03
   5.3447986e+02   1.1882314e+03
   3.4920947e+02   6.4638422e+02
   2.3102849e+02   1.5347902e+03
   7.6177197e+02   1.5304393e+03
   6.1887506e+02   5.9515057e+02
   1.2994807e+03   5.6600195e+02
   4.9025005e+01   1.6497151e+03
